7.039259259259259
7.017407407407408
9.984444444444444
9.752592592592592
5.937592592592592
8.489074074074074
7.892962962962963
6.839444444444444
8.070185185185185
6.105925925925926
7.234444444444445
11.18537037037037
6.632037037037037
9.916666666666666
9.266666666666667
7.17425925925926
8.846111111111112
7.082962962962963
6.725925925925926
7.744814814814815
6.607222222222222
9.700555555555555
6.96962962962963
8.939074074074075
9.667962962962964
6.616666666666666
9.258148148148148
11.667037037037037
7.532777777777778
6.55
5.397407407407408
5.730925925925926
6.861296296296296
6.5216666666666665
6.257962962962963
7.930740740740741
6.666111111111111
7.528148148148148
6.382037037037037
8.695555555555556
6.712777777777778
5.058333333333334
6.518148148148148
5.438518518518518
7.50037037037037
8.178703703703704
6.611851851851852
7.57962962962963
5.645370370370371
6.664074074074074
6.880740740740741
6.115555555555556
6.042592592592593
7.523518518518519
8.03888888888889
8.087777777777777
8.635925925925926
6.478888888888889
5.223518518518518
5.056481481481481
10.571666666666667
6.301666666666667
7.376666666666667
5.7844444444444445
6.7753703703703705
6.1594444444444445
8.490555555555556
6.311111111111111
4.657407407407407
5.930185185185185
5.967222222222222
6.187037037037037
7.5938888888888885
6.1537037037037035
6.7374074074074075
7.337777777777778
9.411111111111111
6.698148148148148
5.556481481481481
6.257592592592593
6.980925925925926
5.976296296296296
7.2464814814814815
7.151296296296296
5.388148148148148
5.335740740740741
10.771481481481482
5.305185185185185
6.136296296296297
4.50425925925926
6.2901851851851855
5.108148148148148
5.775185185185185
5.383333333333334
5.260925925925926
5.114629629629629
5.242222222222222
5.1
6.0414814814814815
5.752777777777778
5.758333333333334
5.760740740740741
5.83037037037037
4.724074074074074
6.157222222222222
5.318518518518519
4.515555555555555
5.198148148148148
5.3966666666666665
5.652592592592592
5.847222222222222
5.514814814814815
5.715
4.738333333333333
7.3335185185185185
5.572777777777778
5.55
6.566296296296296
4.798148148148148
4.2501851851851855
4.9
5.435370370370371
5.154259259259259
5.382407407407407
4.853518518518518
5.148703703703704
4.574259259259259
5.285925925925926
6.33962962962963
5.66537037037037
5.674074074074074
6.093333333333334
5.769444444444445
5.269629629629629
4.968518518518518
4.9024074074074075
5.317222222222222
5.106851851851852
4.944444444444445
5.828518518518519
6.289444444444444
4.147407407407408
4.609074074074074
5.014074074074074
4.066481481481482
5.768888888888889
4.739629629629629
4.591481481481481
4.185555555555555
4.8224074074074075
4.552962962962963
4.198518518518519
4.533518518518519
4.368703703703703
4.730740740740741
4.567222222222222
4.497407407407407
3.9935185185185187
4.352592592592592
3.9703703703703703
4.953518518518519
4.749074074074074
4.813148148148148
4.585555555555556
4.490925925925926
4.7122222222222225
4.328888888888889
5.2337037037037035
5.37962962962963
4.658703703703703
4.256111111111111
4.096481481481481
4.457962962962963
4.803703703703704
5.049074074074074
4.432222222222222
3.759074074074074
4.7898148148148145
4.742592592592593
3.950740740740741
4.277592592592592
5.777037037037037
4.107222222222222
4.32962962962963
4.365
3.8605555555555555
4.098148148148148
4.448518518518519
5.207037037037037
4.635740740740741
3.997777777777778
4.291111111111111
4.4151851851851855
4.216111111111111
4.402962962962963
4.301481481481481
3.993333333333333
4.607592592592592
3.594074074074074
4.578888888888889
4.112037037037037
3.7175925925925926
4.3533333333333335
4.890185185185185
5.042222222222223
4.078888888888889
5.058703703703704
4.463333333333333
3.785925925925926
3.827777777777778
4.274444444444445
3.7577777777777777
4.248703703703704
4.1557407407407405
4.727777777777778
4.11962962962963
4.519814814814815
4.249259259259259
4.897037037037037
4.336481481481481
4.367037037037037
3.8135185185185185
3.987222222222222
3.9161111111111113
4.4346296296296295
4.462407407407407
3.9322222222222223
3.781851851851852
3.591666666666667
3.7574074074074075
4.012962962962963
4.32574074074074
3.7014814814814816
5.145370370370371
3.9742592592592594
3.960185185185185
3.4874074074074075
3.8872222222222224
4.212592592592593
4.4511111111111115
4.258148148148148
3.8312962962962964
4.172777777777778
3.839259259259259
4.5377777777777775
4.017962962962963
4.106296296296296
3.647962962962963
3.5564814814814816
4.212407407407407
4.005
3.507962962962963
3.79462962962963
3.892962962962963
4.212962962962963
4.240555555555556
4.414259259259259
3.790185185185185
4.548333333333333
3.9455555555555555
3.461851851851852
3.778888888888889
3.628888888888889
3.365
3.362962962962963
3.8174074074074076
3.868888888888889
3.2494444444444444
3.6927777777777777
3.557962962962963
3.977592592592593
4.162407407407407
3.738703703703704
3.6259259259259258
3.8724074074074073
3.361666666666667
4.59037037037037
3.7262962962962964
3.52037037037037
3.7994444444444446
3.995185185185185
3.331111111111111
3.603148148148148
3.88
3.733888888888889
3.5572222222222223
3.327962962962963
3.1546296296296297
3.4503703703703703
3.234814814814815
3.902222222222222
3.382037037037037
3.486851851851852
3.160925925925926
3.0479629629629628
3.682777777777778
3.2888888888888888
3.9140740740740743
3.862962962962963
3.5862962962962963
3.647407407407407
3.5516666666666667
3.525
3.2424074074074074
3.644814814814815
3.6127777777777776
3.5062962962962962
3.205185185185185
3.085185185185185
2.9894444444444446
3.4
4.007407407407407
9.073333333333334
5.047037037037037
5.0468518518518515
17.362037037037037
5.062592592592592
3.542777777777778
3.8759259259259258
4.102222222222222
4.140370370370371
3.882222222222222
3.761111111111111
3.636111111111111
3.457222222222222
3.6757407407407405
4.051481481481481
3.5212962962962964
3.553888888888889
3.6351851851851853
3.3355555555555556
3.812777777777778
3.5283333333333333
3.455
3.7287037037037036
3.048888888888889
3.4816666666666665
3.5787037037037037
2.925
3.3187037037037035
3.397037037037037
2.984814814814815
3.093703703703704
3.401851851851852
3.2418518518518518
3.634074074074074
2.9762962962962964
4.170185185185185
3.069259259259259
3.706851851851852
3.3698148148148146
3.5375925925925924
3.4225925925925926
3.532962962962963
3.4825925925925927
3.325925925925926
3.83
3.4896296296296296
3.7962962962962963
3.205
3.623148148148148
3.2848148148148146
3.4055555555555554
3.129074074074074
3.9837037037037035
3.8718518518518517
3.1866666666666665
3.210185185185185
3.3633333333333333
4.484629629629629
3.1707407407407406
3.6127777777777776
3.2001851851851852
3.206111111111111
3.3846296296296297
3.470925925925926
2.9124074074074073
3.535
3.259259259259259
3.0725925925925925
3.1433333333333335
3.258888888888889
2.858888888888889
3.173888888888889
3.6553703703703704
3.141111111111111
3.3448148148148147
3.3112962962962964
3.243148148148148
3.355
3.1937037037037035
3.202962962962963
3.0033333333333334
2.962962962962963
3.6038888888888887
3.4025925925925926
3.2716666666666665
3.640185185185185
3.468888888888889
3.4674074074074075
3.2075925925925928
4.49574074074074
3.6127777777777776
3.522222222222222
3.3496296296296295
4.032962962962963
3.69
3.9505555555555554
3.4246296296296297
3.675
3.4742592592592594
3.455185185185185
3.1642592592592593
3.286111111111111
3.140185185185185
3.5794444444444444
3.456111111111111
3.3448148148148147
3.2235185185185187
3.932037037037037
3.58037037037037
3.325925925925926
3.7283333333333335
3.1033333333333335
3.135925925925926
3.526111111111111
3.3581481481481483
3.0866666666666664
3.918148148148148
3.5374074074074073
3.716296296296296
3.7872222222222223
3.521851851851852
3.491111111111111
3.641111111111111
3.7937037037037036
3.2246296296296295
3.392962962962963
3.263333333333333
3.167777777777778
3.594074074074074
3.52462962962963
3.2983333333333333
3.1005555555555557
3.6174074074074074
3.403888888888889
3.794814814814815
3.4774074074074073
3.317037037037037
3.0907407407407406
3.1625925925925924
3.350925925925926
3.4144444444444444
3.1101851851851854
2.968888888888889
2.9987037037037036
3.7288888888888887
3.0855555555555556
3.45962962962963
3.5185185185185186
3.484259259259259
2.9451851851851854
2.8783333333333334
3.2422222222222223
3.2694444444444444
3.274814814814815
3.285740740740741
3.1440740740740742
3.2448148148148146
3.1748148148148148
3.0605555555555557
3.4014814814814813
3.403888888888889
3.013148148148148
2.872777777777778
3.094074074074074
3.173703703703704
2.9588888888888887
3.589259259259259
2.98
3.43962962962963
3.5235185185185185
3.073703703703704
3.1757407407407405
2.835185185185185
3.071851851851852
2.8474074074074074
3.234074074074074
2.9475925925925925
2.9612962962962963
2.8835185185185184
3.3848148148148147
3.587037037037037
3.258888888888889
2.8092592592592593
3.1077777777777778
2.779074074074074
3.0051851851851854
3.1751851851851853
2.70962962962963
