15.45707657069138
1.0803926914729556
10.114765524541182
15.664891356728475
15.67076589182118
15.670622317286767
15.67076923076923
7.336769228663476
1.0563178301139597
1.7754269230767925
12.892622317307692
7.331426923076924
12.657707658916184
15.670769228677177
9.883626780756028
1.780769147295673
4.558769147066121
12.873496166438546
1.7754269230769197
7.33142691381115
12.89276914708699
7.336769230767923
12.892769228677162
4.55876914729553
15.329604737705518
12.892769147290457
1.7807692307692307
1.0862691389477956
1.0809269228676652
4.558769147295673
7.101707692286771
4.345063566472904
10.11476923076923
4.553426923071706
15.670764683317719
10.109426589161822
12.679076922868239
15.67076923076923
10.114635673076924
7.33676923071706
4.344542692307674
1.0862692307169293
1.0809269147295673
7.336769230769231
15.670769230767922
1.7807658916177176
7.1230769230717055
15.664892692307689
15.670769228682389
15.67076923076923
15.670769147086986
15.457076913811147
1.780768929358763
12.89263567307692
15.66541353057932
1.0809269230769194
12.657707692307678
1.0862692307118427
1.0862655579118239
1.0861356730717058
15.67076923076923
4.558635664729567
10.109426589182693
1.7807692307692307
15.670769138030106
4.34454265891827
12.678542692307692
9.8332759587453
1.0861356638948305
12.89262084783916
4.553426588255301
9.877570765524544
4.558622280549026
1.780769228682392
12.886658631275168
15.67063533918269
1.7807692307113197
4.558769138927449
15.67076923076923
1.774892692307692
4.345076922867717
1.7754269230769233
15.665426922868239
12.892769230767925
12.887426922867666
1.7807692307118426
7.33676552454327
12.892620833333481
9.901076555793269
15.456542691389483
1.0809265891617716
12.61922010572064
4.34507658918217
9.9010635664729
4.344542692307692
9.901063567307679
7.1017076914729556
9.901076923076923
15.670622317307693
10.109426914729568
10.114635673071692
10.109426588347958
15.67076923071706
10.109426923076779
9.900541356728677
12.892769138113582
4.558769228682249
4.345076923071693
9.901062084780213
4.558769230767924
10.114769228682261
7.336622317307691
4.558769230711322
12.892635339182693
7.331426589161825
11.646750796522891
9.901076914729568
15.66542655579118
1.0862692307692308
4.558769230716915
7.336769147086988
12.892635302454329
9.90054265521195
7.101707692307171
15.433564839269229
9.900542658916184
4.344542692307693
1.7748391353057933
12.892769228682392
10.114635664729045
1.7754265883456608
10.108892692307693
10.109426588347954
15.457062098173077
1.780769147295673
7.33142692307692
15.670765557932691
15.670769228473706
10.114769147295673
15.67076551253191
1.7807692307170597
7.331426914708699
1.7807691389483176
1.780635673076923
4.321357076555794
4.558765557932692
9.868930673533985
1.0861356730769232
1.7806223163894774
1.086122317307678
7.331412098173078
4.558769147295669
15.670765883479566
7.3366222839182695
4.558769230767926
4.439583105323024
4.55862228391827
10.109426552087044
6.960589937887531
12.892620981730769
4.558769230769231
15.665426923071692
10.109412231730769
9.900542658918269
7.336769230769231
10.11476923076923
7.336769228450753
1.0861356638925357
10.114620981730713
12.892622283915955
4.5586356638021766
12.892635339182693
7.123063567307679
12.679062231730768
7.336622317307645
4.553426555709566
7.336635673076924
12.892635663811358
10.10942692307692
7.336635672845054
9.901076588255208
4.5534269138020935
4.558769147290456
12.67907658918217
7.336769228450521
9.87970620981638
4.552892691472957
1.7806356730717057
1.7807692307679264
4.5534269230711315
7.330892655579328
9.900542655208334
12.892620981730769
7.12306353391827
12.679062098173077
12.892769147295672
1.780635673076923
15.43333570635665
1.0809127100898255
12.678542692307113
1.7807647471004988
1.780765891595052
12.886833392655245
1.0636967426930815
7.336765882644831
1.080926923071706
9.901063533915973
7.330833926922847
10.114769228677176
12.655357063533916
1.0803926922845053
15.67076923076923
15.670622316472901
4.344542691389274
7.123076589159737
7.101707692307171
15.435707692307693
12.89276589161824
4.553426914729046
15.457076923071707
10.114635339182678
7.330892658918211
9.879707692284509
9.901028871454155
9.901076923071706
1.7806209817307679
7.336620978382561
15.303026126564422
1.0861356730767795
15.670765557097956
10.108892691470869
1.7806208481647297
7.123063566389478
1.7807655208704092
7.336765524540951
1.0862691472956698
7.33676588264274
4.5534135338347905
15.45707655579327
4.3450769138948315
12.679076923076778
12.874626775413992
10.11462231730717
9.900541353057934
1.0803333392655208
12.892620834783918
1.0629627294752182
12.892587194764797
4.345076589182679
12.657707658826425
0.821304657955493
12.657706353382645
15.665426922845285
12.655570635338256
12.892765891826922
9.877333333570636
4.323707692284528
1.7149098255873612
10.114622283918212
1.7806208334817284
10.114635663802083
4.558765520833333
7.33676552454327
7.099333570622318
15.670635673071706
7.1017076913811366
7.099570764680746
9.879706208478384
15.433570769147298
7.33083392691473
15.457076552454094
1.7806223173071707
9.879706353391828
15.665426555790969
7.123063530208337
12.67907691380301
4.321570769228682
1.086265524543268
4.558765557932692
1.0861209816381137
4.3237062231638115
4.558765524540953
4.55841998073207
4.55289265520837
4.558620833481648
12.655333357076923
12.655335706223173
4.323707692307692
9.877335706208347
1.7807655579095283
7.099570635672867
4.321333357062085
7.101706208333349
10.109426555790973
4.345076589161822
7.099570769138948
1.0862692284737077
4.344350234300309
12.65533565426914
9.87970765557912
7.331426552083704
9.90106356638021
1.0803926589161637
1.7807655208333333
9.877333570620834
9.877357076922848
1.0809120833481731
7.101706223163802
9.877356542692286
12.892622316381116
7.331426923071132
7.331412083333335
10.11463566380301
15.670635305700609
9.877333570769231
9.9010635664729
9.877333335707656
7.331426589159506
7.336635339159737
12.655333357076923
12.65557076913802
1.0803926552083705
4.552833333333339
4.321570765521204
7.123076922845075
7.336635664729553
7.331426913811353
12.655333570765885
4.558765891595284
15.670769228682389
10.108833926555793
15.67063566389478
12.67854269230768
7.317381460870817
1.0861356638948316
1.0862655245409505
15.433357076913813
1.0809265520837044
9.877333335706222
9.877335707658919
9.431378107732634
4.345076552445956
7.099335706208334
12.886839269230768
7.099570635664731
1.7748333333339268
7.099333333333334
4.321333570635673
7.336620848163802
4.558620848163803
1.0861223163894773
15.433570620833331
7.099333333333334
7.336635302120411
9.879706223163895
4.558635663802083
15.435706222839162
15.43564891356731
12.892765557909508
15.33540416005594
9.901062083348164
1.0861356638113524
1.0861208333333483
12.655333333333356
7.099335707655209
15.433333357062082
9.877357076923072
7.3308333333333335
10.108833333333333
9.877335706209816
1.774833339265521
15.433570622316381
7.099357062098173
12.67906223163802
7.099333333357063
9.877333333333334
7.336765557095639
7.336620833333349
15.45706208481638
10.108833333333333
12.679062098163802
15.670765520833333
4.321333357062231
4.558622317284505
4.3213333333333335
10.114620833346954
12.88741209816473
7.0993333335706215
15.433570620848162
12.655335706209817
9.877333357062083
7.099333570620834
7.101706208348165
1.7806209816380218
15.67063566472952
12.655333333335708
7.099570769230769
4.55876552083704
4.558769230711263
12.655333333333335
7.099333333333334
15.435706208347364
4.321570620981729
4.321333357062083
9.877335707691381
4.558635663802083
15.433333333570284
15.433357076914728
1.3428047597777817
4.5400899993676065
9.877333333333334
9.87757076914729
12.65770635664729
1.086269147289882
7.3366209816472905
7.099570620833333
12.655335706208334
15.397259603077448
12.679076913803012
7.099335654120836
4.343244260073755
9.901076552083705
9.877570620833483
9.877333319235465
4.558769138020834
7.123062083333335
7.101706208481647
12.6392708478912
4.321570620848173
4.558620833481639
15.433570620981635
9.862103591182601
7.099333333333334
4.321333333326959
4.3213335707658915
9.879706353382552
7.101706208348165
4.3213333333333335
9.877333570620834
7.0993357062083335
15.43333333333357
7.099333333333334
9.877333333333334
7.099333357062084
6.9418461696873495
7.331378585128614
7.123076913811353
15.433333333333332
9.877333570620834
9.879706208333335
12.112778895795937
12.886833333333334
7.099333570620834
7.099333357062084
9.877333333570622
7.123062083333333
9.87733315585
7.099333333333334
4.321335706356638
12.655357062083334
15.433570620833331
4.321335707655246
9.87733333333357
4.321357062083333
12.655333333333335
12.655333333333335
12.655333333357062
12.892620848173072
12.892620833333348
7.099333333333334
12.655333333333335
7.0993570620833335
12.655333333333335
7.101706208333335
12.655333333333335
12.655333357062233
7.099333335514712
1.0803333333333394
1.0861208333333334
12.655333333333335
1.0634007723760484
4.3213333333333335
9.877333333333334
9.877333333333334
12.655333333333335
7.408000000000003
7.0993570620833335
5.324500000000002
12.655333333333335
15.66483333333333
4.3213333333333335
15.433333333331905
15.433333333333332
15.457062083333335
4.3213333333333335
7.123062083333333
4.3213333333333335
4.3213333333333335
12.655333333333335
12.655333333333335
