-25562.0
-25627.0
-37769.0
-38564.0
-20164.0
-31809.0
-28641.0
-24463.0
-29778.0
-20780.0
-25831.0
-44476.0
-24491.0
-37565.0
-33616.0
-25713.0
-34032.0
-25833.0
-24048.0
-28428.0
-23877.0
-38382.0
-21335.0
-34869.0
-37764.0
-24303.0
-35012.0
-46123.0
-28809.0
-23034.0
-18897.0
-19453.0
-24175.0
-23963.0
-23367.0
-26277.0
-22931.0
-28299.0
-22273.0
-29707.0
-23871.0
-17372.0
-23545.0
-18364.0
-28002.0
-32321.0
-22776.0
-28010.0
-18496.0
-23316.0
-25304.0
-21750.0
-20614.0
-28027.0
-27842.0
-29641.0
-29483.0
-22515.0
-16766.0
-17235.0
-37285.0
-22187.0
-27458.0
-19543.0
-23654.0
-21656.0
-31330.0
-21651.0
-14875.0
-20450.0
-21114.0
-20898.0
-28312.0
-21143.0
-25007.0
-27950.0
-36842.0
-22490.0
-18662.0
-22156.0
-22917.0
-20090.0
-26217.0
-26596.0
-16826.0
-15523.0
-38304.0
-17638.0
-22083.0
-14369.0
-21596.0
-17269.0
-20091.0
-16906.0
-17050.0
-16409.0
-17276.0
-16276.0
-18905.0
-19187.0
-19083.0
-18174.0
-19536.0
-15245.0
-21332.0
-16063.0
-13879.0
-16261.0
-17221.0
-16630.0
-20626.0
-17797.0
-19171.0
-15175.0
-24584.0
-18930.0
-17844.0
-23318.0
-14523.0
-12548.0
-15063.0
-18088.0
-16342.0
-16927.0
-15654.0
-16976.0
-14196.0
-17457.0
-20412.0
-19299.0
-18504.0
-18850.0
-19294.0
-18250.0
-16020.0
-15799.0
-17590.0
-16589.0
-15378.0
-19274.0
-19277.0
-12858.0
-14764.0
-16423.0
-12043.0
-19154.0
-14716.0
-13955.0
-12115.0
-15072.0
-13444.0
-12328.0
-14310.0
-13866.0
-14673.0
-14341.0
-14294.0
-12201.0
-13907.0
-11550.0
-14747.0
-14730.0
-15470.0
-14767.0
-13527.0
-15044.0
-12562.0
-17895.0
-18181.0
-14428.0
-12175.0
-11540.0
-13284.0
-14731.0
-16640.0
-13454.0
-10785.0
-13527.0
-13178.0
-11403.0
-11530.0
-18296.0
-11966.0
-12063.0
-12605.0
-11181.0
-12904.0
-12866.0
-16852.0
-13850.0
-11165.0
-13161.0
-13468.0
-12677.0
-12390.0
-11954.0
-11108.0
-11875.0
-9403.0
-13774.0
-12421.0
-10503.0
-13059.0
-15320.0
-14184.0
-11572.0
-13933.0
-13326.0
-11396.0
-10818.0
-12934.0
-10272.0
-13406.0
-12018.0
-13633.0
-12249.0
-13801.0
-12189.0
-15205.0
-12665.0
-12548.0
-11133.0
-11092.0
-10359.0
-12309.0
-14425.0
-10081.0
-10635.0
-9664.0
-10198.0
-11296.0
-12191.0
-9986.0
-16304.0
-11389.0
-10778.0
-9079.0
-11120.0
-12196.0
-12427.0
-13263.0
-10724.0
-12461.0
-10642.0
-11871.0
-11081.0
-12003.0
-9943.0
-10017.0
-12002.0
-12126.0
-9223.0
-11474.0
-11266.0
-12133.0
-12227.0
-11103.0
-10044.0
-12686.0
-11322.0
-9560.0
-9943.0
-9973.0
-9185.0
-9164.0
-11043.0
-10847.0
-8792.0
-9796.0
-9549.0
-11409.0
-10870.0
-10732.0
-9608.0
-11405.0
-8849.0
-12476.0
-11064.0
-9467.0
-9658.0
-11145.0
-8274.0
-10068.0
-10227.0
-10613.0
-9174.0
-8252.0
-8340.0
-8716.0
-8666.0
-9965.0
-8979.0
-8636.0
-7592.0
-7851.0
-10602.0
-9058.0
-10443.0
-10831.0
-9702.0
-9934.0
-9624.0
-8320.0
-8241.0
-10220.0
-7994.0
-8292.0
-8298.0
-7405.0
-7851.0
-8942.0
-11860.0
-29221.0
-16806.0
-17022.0
-62494.0
-14571.0
-9271.0
-10603.0
-11986.0
-11671.0
-10930.0
-10438.0
-8665.0
-8684.0
-10413.0
-10955.0
-9388.0
-9809.0
-9818.0
-8396.0
-10711.0
-9251.0
-8956.0
-9132.0
-7717.0
-9571.0
-8926.0
-6799.0
-8385.0
-8530.0
-7887.0
-7746.0
-7706.0
-7926.0
-10039.0
-7121.0
-9535.0
-7700.0
-10496.0
-8580.0
-9077.0
-7424.0
-9724.0
-8592.0
-9187.0
-10593.0
-9399.0
-10754.0
-8534.0
-9623.0
-8727.0
-8719.0
-7998.0
-9593.0
-10966.0
-8056.0
-8481.0
-7461.0
-11395.0
-7307.0
-9262.0
-7391.0
-7978.0
-9175.0
-8611.0
-6642.0
-8660.0
-7898.0
-8129.0
-7455.0
-8078.0
-6822.0
-7970.0
-9199.0
-7645.0
-8799.0
-8529.0
-8412.0
-8506.0
-8075.0
-7871.0
-6852.0
-7331.0
-9319.0
-7575.0
-7992.0
-8695.0
-8007.0
-9064.0
-7654.0
-13481.0
-9763.0
-9478.0
-7539.0
-10846.0
-9604.0
-11140.0
-8478.0
-9528.0
-8075.0
-8200.0
-7895.0
-7898.0
-8367.0
-8852.0
-8666.0
-8070.0
-8477.0
-9156.0
-9205.0
-8080.0
-8267.0
-8204.0
-7992.0
-9078.0
-8650.0
-7992.0
-11051.0
-9461.0
-9658.0
-10788.0
-9053.0
-9280.0
-10380.0
-10051.0
-7952.0
-8211.0
-8562.0
-7697.0
-9063.0
-8167.0
-7745.0
-6921.0
-9426.0
-9382.0
-10397.0
-8564.0
-7633.0
-8357.0
-7469.0
-8019.0
-8129.0
-6284.0
-7581.0
-6846.0
-10278.0
-7026.0
-7871.0
-9401.0
-8731.0
-5666.0
-7194.0
-7745.0
-6784.0
-7957.0
-7863.0
-7995.0
-7178.0
-7113.0
-7495.0
-6735.0
-7672.0
-7202.0
-6195.0
-7848.0
-7895.0
-7064.0
-9226.0
-6821.0
-8333.0
-8187.0
-7829.0
-7847.0
-6913.0
-7592.0
-7009.0
-8884.0
-6622.0
-6324.0
-6672.0
-8095.0
-8796.0
-8234.0
-6342.0
-7310.0
-5947.0
-6619.0
-7534.0
-5631.0
