38012
37894
53916
52664
32063
45841
42622
36933
43579
32972
39066
60401
35813
53550
50040
38741
47769
38248
36320
41822
35679
52383
37636
48271
52207
35730
49994
63002
40677
35370
29146
30947
37051
35217
33793
42826
35997
40652
34463
46956
36249
27315
35198
29368
40502
44165
35704
40930
30485
35986
37156
33024
32630
40627
43410
43674
46634
34986
28207
27305
57087
34029
39834
31236
36587
33261
45849
34080
25150
32023
32223
33410
41007
33230
36382
39624
50820
36170
30005
33791
37697
32272
39131
38617
29096
28813
58166
28648
33136
24323
33967
27584
31186
29070
28409
27619
28308
27540
32624
31065
31095
31108
31484
25510
33249
28720
24384
28070
29142
30524
31575
29780
30861
25587
39601
30093
29970
35458
25910
22951
26460
29351
27833
29065
26209
27803
24701
28544
34234
30593
30640
32904
31155
28456
26830
26473
28713
27577
26700
31474
33963
22396
24889
27076
21959
31152
25594
24794
22602
26041
24586
22672
24481
23591
25546
24663
24286
21565
23504
21440
26749
25645
25991
24762
24251
25446
23376
28262
29050
25157
22983
22121
24073
25940
27265
23934
20299
25865
25610
21334
23099
31196
22179
23380
23571
20847
22130
24022
28118
25033
21588
23172
23842
22767
23776
23228
21564
24881
19408
24726
22205
20075
23508
26407
27228
22026
27317
24102
20444
20670
23082
20292
22943
22441
25530
22246
24407
22946
26444
23417
23582
20593
21531
21147
23947
24097
21234
20422
19395
20290
21670
23359
19988
27785
21461
21385
18832
20991
22748
24036
22994
20689
22533
20732
24504
21697
22174
19699
19205
22747
21627
18943
20491
21022
22750
22899
23837
20467
24561
21306
18694
20406
19596
18171
18160
20614
20892
17547
19941
19213
21479
22477
20189
19580
20911
18153
24788
20122
19010
20517
21574
17988
19457
20952
20163
19209
17971
17035
18632
17468
21072
18263
18829
17069
16459
19887
17760
21136
20860
19366
19696
19179
19035
17509
19682
19509
18934
17308
16660
16143
18360
21640
48996
27254
27253
93755
27338
19131
20930
22152
22358
20964
20310
19635
18669
19849
21878
19015
19191
19630
18012
20589
19053
18657
20135
16464
18801
19325
15795
17921
18344
16118
16706
18370
17506
19624
16072
22519
16574
20017
18197
19103
18482
19078
18806
17960
20682
18844
20500
17307
19565
17738
18390
16897
21512
20908
17208
17335
18162
24217
17122
19509
17281
17313
18277
18743
15727
19089
17600
16592
16974
17598
15438
17139
19739
16962
18062
17881
17513
18117
17246
17296
16218
16000
19461
18374
17667
19657
18732
18724
17321
24277
19509
19020
18088
21778
19926
21333
18493
19845
18761
18658
17087
17745
16957
19329
18663
18062
17407
21233
19334
17960
20133
16758
16934
19041
18134
16668
21158
19102
20068
20451
19018
18852
19662
20486
17413
18322
17622
17106
19408
19033
17811
16743
19534
18381
20492
18778
17912
16690
17078
18095
18438
16795
16032
16193
20136
16662
18682
19000
18815
15904
15543
17508
17655
17684
17743
16978
17522
17144
16527
18368
18381
16271
15513
16708
17138
15978
19382
16092
18574
19027
16598
17149
15310
16588
15376
17464
15917
15991
15571
18278
19370
17598
15170
16782
15007
16228
17146
14632
