1.4781481481481482
2.4812962962962963
1.8357407407407407
1.7857407407407409
1.6218518518518519
1.6603703703703703
2.1153703703703703
1.693148148148148
2.2264814814814815
1.7307407407407407
1.6466666666666667
1.9774074074074075
1.520185185185185
1.7124074074074074
1.4742592592592592
1.2537037037037038
1.3764814814814814
1.18
1.4712962962962963
1.4344444444444444
1.4388888888888889
1.4842592592592592
1.7075925925925926
1.2472222222222222
1.3177777777777777
1.4374074074074075
1.1681481481481482
1.3155555555555556
1.2533333333333334
1.2207407407407407
1.1492592592592592
1.3153703703703703
1.175
1.0957407407407407
1.0107407407407407
3.6005555555555557
1.0296296296296297
1.0444444444444445
1.2714814814814814
2.0833333333333335
0.9816666666666667
0.9587037037037037
0.8727777777777778
1.1194444444444445
1.2496296296296296
1.0592592592592593
1.0122222222222221
0.9444444444444444
1.1337037037037037
1.1107407407407408
