2.1
2.1233333333333335
1.8898148148148148
1.8303703703703704
1.7442592592592592
1.5492592592592593
1.877037037037037
1.885925925925926
2.540185185185185
1.542037037037037
1.5257407407407408
1.7753703703703703
1.8494444444444444
1.7796296296296297
1.8596296296296295
1.5424074074074074
1.3916666666666666
1.4755555555555555
1.4077777777777778
1.6746296296296297
1.3007407407407408
1.2848148148148149
1.6601851851851852
1.3955555555555557
1.242962962962963
1.2662962962962963
1.285
1.0883333333333334
1.0451851851851852
0.9581481481481482
1.174074074074074
1.222962962962963
1.109074074074074
0.9564814814814815
1.1292592592592592
2.089814814814815
1.0783333333333334
1.1614814814814816
1.2085185185185185
1.4248148148148148
0.9075925925925926
1.0396296296296297
0.7666666666666667
0.9592592592592593
1.220925925925926
0.9068518518518518
0.8157407407407408
0.9511111111111111
1.1587037037037038
1.1166666666666667
