11.052222222222222
13.15037037037037
10.063888888888888
15.560925925925925
9.89537037037037
16.467222222222222
23.843888888888888
10.262777777777778
19.582962962962963
8.06037037037037
8.23462962962963
9.692037037037037
11.80888888888889
14.708148148148148
17.314814814814813
9.470555555555556
6.373333333333333
10.078703703703704
10.062592592592592
18.372222222222224
9.141296296296296
8.379259259259259
13.16611111111111
8.335740740740741
21.255925925925926
6.882777777777778
7.517777777777778
7.566481481481482
9.438888888888888
10.242962962962963
7.027962962962963
5.232592592592592
7.739074074074074
8.866296296296296
6.508333333333334
7.905
5.069444444444445
8.773148148148149
7.836111111111111
6.6503703703703705
7.32962962962963
5.780185185185185
5.847407407407408
8.242962962962963
8.455555555555556
4.61962962962963
7.550925925925926
10.966111111111111
9.462407407407408
5.802407407407407
8.549074074074074
16.971666666666668
7.811851851851852
5.7353703703703705
16.782962962962962
7.8496296296296295
6.183148148148148
5.513333333333334
8.429444444444444
12.702777777777778
7.6883333333333335
14.713333333333333
6.627962962962963
5.527592592592592
9.33074074074074
5.147777777777778
8.16925925925926
5.810740740740741
7.058703703703704
5.377592592592593
6.07462962962963
6.235
11.22574074074074
6.7518518518518515
5.951296296296296
10.682037037037038
5.682222222222222
6.450185185185185
5.949074074074074
6.568888888888889
5.759814814814815
5.742222222222222
4.8
5.447037037037037
8.238333333333333
6.552407407407407
4.849259259259259
5.45074074074074
4.925740740740741
4.636851851851852
6.764814814814815
5.685740740740741
5.527037037037037
7.383518518518518
5.297037037037037
6.1231481481481485
4.820185185185185
4.706296296296296
12.618148148148148
4.604814814814815
4.059259259259259
18.285
4.649259259259259
4.872777777777777
3.9524074074074074
4.612222222222222
5.090185185185185
4.765555555555555
4.672592592592593
5.827592592592593
3.7753703703703705
5.322962962962963
5.148518518518519
5.273888888888889
7.04925925925926
4.53037037037037
4.256481481481481
4.764074074074074
5.001481481481481
4.5616666666666665
5.894629629629629
4.552222222222222
4.937407407407408
4.182407407407408
5.314814814814815
5.3785185185185185
5.285185185185185
6.246666666666667
4.044074074074074
3.994074074074074
4.167407407407407
4.934074074074074
4.769074074074074
3.9455555555555555
4.0146296296296295
3.7614814814814816
3.8446296296296296
3.9720370370370373
4.444814814814815
4.447962962962963
7.028518518518519
5.028333333333333
4.415925925925926
4.576851851851852
3.9187037037037036
4.981481481481482
5.053333333333334
4.014444444444444
4.446296296296296
3.8264814814814816
4.587037037037037
3.9746296296296295
4.654259259259259
4.544074074074074
4.398703703703704
5.441111111111111
3.6405555555555558
4.928703703703704
4.2807407407407405
4.2246296296296295
4.667592592592593
4.15537037037037
3.319074074074074
4.019629629629629
3.942037037037037
3.897777777777778
3.502037037037037
4.147962962962963
3.988888888888889
3.6894444444444443
3.837222222222222
3.7287037037037036
2.9585185185185185
4.840185185185185
3.422222222222222
3.908333333333333
4.792962962962963
4.112222222222222
3.687222222222222
3.813148148148148
3.8268518518518517
5.633703703703704
3.292777777777778
3.8142592592592592
4.261296296296297
3.4214814814814813
3.4894444444444446
3.5453703703703705
3.47962962962963
3.6487037037037036
3.3455555555555554
4.20962962962963
3.638148148148148
3.663148148148148
4.591481481481481
3.7016666666666667
3.5835185185185185
3.4337037037037037
3.767037037037037
2.8905555555555558
3.3292592592592594
3.449074074074074
4.119259259259259
3.2796296296296297
4.227592592592592
3.6685185185185185
4.062407407407408
4.011666666666667
3.498148148148148
3.3975925925925927
3.7490740740740742
3.565
3.3724074074074073
3.2216666666666667
3.4346296296296295
3.3566666666666665
3.664814814814815
3.103148148148148
4.305
3.573703703703704
3.604814814814815
3.478148148148148
2.710185185185185
3.5444444444444443
3.9764814814814815
3.4427777777777777
3.747592592592593
3.4375925925925928
2.8831481481481482
3.4972222222222222
3.1905555555555556
3.520185185185185
3.258888888888889
3.1794444444444445
3.1975925925925925
2.91
3.547222222222222
2.841666666666667
3.546111111111111
4.1685185185185185
2.7309259259259258
2.9653703703703704
4.4057407407407405
3.2711111111111113
3.6333333333333333
3.1148148148148147
2.7225925925925925
3.012777777777778
3.038148148148148
2.8227777777777776
2.941851851851852
2.9874074074074075
3.247777777777778
3.347777777777778
3.1083333333333334
3.0264814814814813
3.4794444444444443
3.5972222222222223
2.7292592592592593
3.0968518518518517
3.347777777777778
2.7466666666666666
3.072037037037037
2.7690740740740742
2.874814814814815
3.0094444444444446
3.073888888888889
2.882222222222222
3.495185185185185
3.028703703703704
2.6985185185185183
3.2531481481481483
2.758888888888889
2.845925925925926
2.584814814814815
2.8294444444444444
2.921111111111111
2.3135185185185185
2.7362962962962962
3.151851851851852
3.4701851851851853
2.4716666666666667
2.432962962962963
2.7583333333333333
2.8744444444444444
2.6081481481481483
2.7003703703703703
2.828333333333333
2.813888888888889
2.763888888888889
2.7981481481481483
2.7285185185185186
2.474074074074074
2.625185185185185
3.486111111111111
2.5994444444444444
2.262777777777778
2.4616666666666664
2.7468518518518517
2.5416666666666665
2.5590740740740743
2.6466666666666665
2.8292592592592594
2.682037037037037
2.748148148148148
2.5453703703703705
3.126851851851852
2.672037037037037
2.4633333333333334
2.3233333333333333
2.247777777777778
2.5944444444444446
2.4874074074074075
2.914814814814815
2.53
2.5262962962962963
3.397962962962963
2.7616666666666667
2.501851851851852
2.613888888888889
2.337037037037037
2.4383333333333335
2.877407407407407
2.1712962962962963
2.497592592592593
2.5081481481481482
2.3987037037037036
2.4825925925925927
2.429074074074074
2.4077777777777776
2.2535185185185185
2.6803703703703703
2.405740740740741
2.751851851851852
2.5637037037037036
2.6825925925925924
2.365
2.3001851851851853
2.4903703703703703
2.1387037037037038
2.5479629629629628
2.132962962962963
2.485925925925926
2.6503703703703705
2.2357407407407406
2.4492592592592595
2.267777777777778
2.743333333333333
2.4701851851851853
2.517037037037037
2.3381481481481483
2.3137037037037036
2.46
2.662037037037037
2.8692592592592594
2.282037037037037
2.2537037037037035
2.2979629629629628
2.593148148148148
2.3827777777777777
2.2646296296296295
2.111666666666667
2.184814814814815
2.427037037037037
2.3714814814814815
2.1712962962962963
2.464259259259259
2.228148148148148
2.5033333333333334
2.3096296296296295
2.243333333333333
2.3785185185185185
2.2335185185185185
1.9807407407407407
2.3296296296296295
2.2648148148148146
2.3472222222222223
2.4644444444444447
1.935
2.146851851851852
2.1214814814814815
2.4235185185185184
2.2131481481481483
2.1059259259259258
2.512962962962963
2.0935185185185183
2.035185185185185
2.1353703703703704
2.1533333333333333
1.9535185185185184
2.337037037037037
2.057777777777778
1.916111111111111
1.9624074074074074
2.012037037037037
2.9114814814814816
2.127407407407407
2.5774074074074074
2.191666666666667
2.0787037037037037
2.0194444444444444
2.1255555555555556
2.0375925925925924
2.259259259259259
2.3377777777777777
2.1946296296296297
2.0766666666666667
1.8466666666666667
2.1105555555555555
1.9805555555555556
2.0987037037037037
2.0211111111111113
2.114259259259259
2.035740740740741
1.9814814814814814
1.7903703703703704
2.1533333333333333
2.3187037037037035
1.9025925925925926
2.3744444444444444
2.008888888888889
2.212037037037037
2.168888888888889
1.8587037037037037
1.8714814814814815
1.8311111111111111
1.917037037037037
2.100740740740741
1.7307407407407407
1.797962962962963
2.129814814814815
1.8383333333333334
2.1564814814814817
2.0562962962962965
1.8712962962962962
2.2887037037037037
1.8812962962962962
1.788888888888889
1.8366666666666667
1.902962962962963
2.2266666666666666
2.301296296296296
1.623888888888889
2.300925925925926
1.8598148148148148
2.115740740740741
1.9
1.8227777777777778
1.702962962962963
2.047222222222222
1.9048148148148147
1.9327777777777777
1.8614814814814815
2.1974074074074075
1.6951851851851851
1.8057407407407406
1.8544444444444443
1.8488888888888888
2.01
1.780925925925926
2.1261111111111113
1.9377777777777778
1.9305555555555556
1.7844444444444445
2.040925925925926
1.8407407407407408
1.9135185185185186
1.8985185185185185
1.8172222222222223
1.7122222222222223
1.7907407407407407
2.149259259259259
2.267962962962963
1.6457407407407407
1.8501851851851852
1.7407407407407407
1.7874074074074073
1.867037037037037
1.9296296296296296
1.9653703703703704
1.735
1.599074074074074
1.6594444444444445
1.6207407407407408
1.5962962962962963
1.800185185185185
1.5162962962962963
1.777962962962963
1.9094444444444445
1.4677777777777778
1.5625925925925925
1.7585185185185186
1.7833333333333334
1.927037037037037
1.4348148148148148
1.6566666666666667
1.8635185185185186
1.5664814814814816
1.5753703703703703
1.7472222222222222
