-44114.0
-54416.0
-38012.0
-64156.0
-38185.0
-66009.0
-102649.0
-43356.0
-78750.0
-31577.0
-31802.0
-38259.0
-47206.0
-60026.0
-71739.0
-36536.0
-24000.0
-41138.0
-41121.0
-71609.0
-35934.0
-31501.0
-50467.0
-31172.0
-85982.0
-26530.0
-28723.0
-29296.0
-35936.0
-42280.0
-27155.0
-18699.0
-28494.0
-34227.0
-24878.0
-25702.0
-18255.0
-34866.0
-30655.0
-21732.0
-29075.0
-21686.0
-21106.0
-32752.0
-33314.0
-16196.0
-29355.0
-43529.0
-35872.0
-21673.0
-33205.0
-70063.0
-30927.0
-20165.0
-64054.0
-28265.0
-21164.0
-20352.0
-32032.0
-49193.0
-27319.0
-61429.0
-24391.0
-20390.0
-37052.0
-18287.0
-30892.0
-21129.0
-26929.0
-17936.0
-22600.0
-23050.0
-43549.0
-24281.0
-21673.0
-42591.0
-20982.0
-22579.0
-22105.0
-25163.0
-19505.0
-21027.0
-16694.0
-19479.0
-32122.0
-22309.0
-15929.0
-19570.0
-16839.0
-17158.0
-25675.0
-20296.0
-20028.0
-25184.0
-18710.0
-23497.0
-16891.0
-16735.0
-47126.0
-15993.0
-13371.0
-68118.0
-15943.0
-16563.0
-12896.0
-15705.0
-17347.0
-16354.0
-16110.0
-20109.0
-12875.0
-19180.0
-17774.0
-19674.0
-24960.0
-15580.0
-14166.0
-15922.0
-17030.0
-15700.0
-22486.0
-15263.0
-16726.0
-13564.0
-18966.0
-19726.0
-18944.0
-22882.0
-12258.0
-12963.0
-14890.0
-16905.0
-16378.0
-14293.0
-13868.0
-12816.0
-12602.0
-13214.0
-14829.0
-15256.0
-25391.0
-17413.0
-14339.0
-15298.0
-11673.0
-17607.0
-17889.0
-13231.0
-14915.0
-12357.0
-15543.0
-13258.0
-16804.0
-14887.0
-15272.0
-19228.0
-12540.0
-17618.0
-13742.0
-14360.0
-15161.0
-13406.0
-11165.0
-13425.0
-12671.0
-12642.0
-11105.0
-13873.0
-13113.0
-12060.0
-11995.0
-12535.0
-8543.0
-15769.0
-10931.0
-12963.0
-15886.0
-12899.0
-10894.0
-12324.0
-11196.0
-18382.0
-9673.0
-10461.0
-14259.0
-10455.0
-11029.0
-11575.0
-10423.0
-11880.0
-10526.0
-13309.0
-12145.0
-12004.0
-15290.0
-11801.0
-11089.0
-9078.0
-11933.0
-8589.0
-10342.0
-9993.0
-13435.0
-9842.0
-11836.0
-11802.0
-11851.0
-12360.0
-10839.0
-10666.0
-11985.0
-11166.0
-10305.0
-10185.0
-10047.0
-10017.0
-11802.0
-9011.0
-13903.0
-11295.0
-10423.0
-11070.0
-8553.0
-10624.0
-10326.0
-10984.0
-11182.0
-10055.0
-9045.0
-10818.0
-9315.0
-10481.0
-9663.0
-9837.0
-9969.0
-8496.0
-10877.0
-7836.0
-10549.0
-12584.0
-7722.0
-8290.0
-15100.0
-10413.0
-9340.0
-9628.0
-7243.0
-8312.0
-9040.0
-8013.0
-8872.0
-8591.0
-9202.0
-9887.0
-9466.0
-8661.0
-9306.0
-11260.0
-7994.0
-8374.0
-10478.0
-7450.0
-9212.0
-7464.0
-8389.0
-9534.0
-8209.0
-8114.0
-10343.0
-9006.0
-7150.0
-8793.0
-7768.0
-7734.0
-7241.0
-8141.0
-7787.0
-6115.0
-7652.0
-8836.0
-10085.0
-6463.0
-6311.0
-8076.0
-8458.0
-7410.0
-7257.0
-8038.0
-7599.0
-7820.0
-7241.0
-7567.0
-6687.0
-7270.0
-10362.0
-6852.0
-6011.0
-6830.0
-7473.0
-6692.0
-7133.0
-7042.0
-7244.0
-7390.0
-8001.0
-5731.0
-7826.0
-7035.0
-5932.0
-5813.0
-6055.0
-6661.0
-6058.0
-8141.0
-6917.0
-6265.0
-8821.0
-7341.0
-6264.0
-6827.0
-5889.0
-6510.0
-8089.0
-5212.0
-7187.0
-6393.0
-6751.0
-5952.0
-6172.0
-6398.0
-5597.0
-6595.0
-6415.0
-7002.0
-6183.0
-6922.0
-5906.0
-5950.0
-6380.0
-5383.0
-7362.0
-5775.0
-5765.0
-6275.0
-5683.0
-6613.0
-5340.0
-5841.0
-6161.0
-6774.0
-6023.0
-5457.0
-5498.0
-6709.0
-6847.0
-5487.0
-5234.0
-5113.0
-6837.0
-5806.0
-5398.0
-5002.0
-5259.0
-6292.0
-4605.0
-5233.0
-5931.0
-5433.0
-5225.0
-5189.0
-5390.0
-6220.0
-5395.0
-4758.0
-5776.0
-5507.0
-5494.0
-5537.0
-4594.0
-4622.0
-5186.0
-5675.0
-5913.0
-5001.0
-5234.0
-4789.0
-4652.0
-5094.0
-4935.0
-3915.0
-5914.0
-5063.0
-4348.0
-4615.0
-4642.0
-6278.0
-4777.0
-5917.0
-4163.0
-4355.0
-4537.0
-4877.0
-4805.0
-5421.0
-4611.0
-4934.0
-4910.0
-4000.0
-4831.0
-4551.0
-4497.0
-4745.0
-4582.0
-4376.0
-4334.0
-3636.0
-4739.0
-5583.0
-3986.0
-4581.0
-4541.0
-5105.0
-4770.0
-4334.0
-4261.0
-3884.0
-4401.0
-4216.0
-3727.0
-3907.0
-3950.0
-3830.0
-4987.0
-4632.0
-3857.0
-4849.0
-3827.0
-3583.0
-3984.0
-3965.0
-5220.0
-4574.0
-3591.0
-4153.0
-4015.0
-4541.0
-3746.0
-3729.0
-3484.0
-4456.0
-4171.0
-3825.0
-4084.0
-4112.0
-3439.0
-3395.0
-3753.0
-4224.0
-4160.0
-3496.0
-4110.0
-3802.0
-4015.0
-3635.0
-3267.0
-3631.0
-3832.0
-3528.0
-3955.0
-3499.0
-3992.0
-4040.0
-4241.0
-2925.0
-4116.0
-3532.0
-3353.0
-3658.0
-3845.0
-3910.0
-3401.0
-3116.0
-3460.0
-3214.0
-3073.0
-3334.0
-3021.0
-3458.0
-3641.0
-2650.0
-2980.0
-3201.0
-3582.0
-3539.0
-2659.0
-2803.0
-3281.0
-3101.0
-3045.0
-3497.0
