59682
71012
54345
84029
53435
88923
128757
55419
105748
43526
44467
52337
63768
79424
93500
51141
34416
54425
54338
99210
49363
45248
71097
45013
114782
37167
40596
40859
50970
55312
37951
28256
41791
47878
35145
42687
27375
47375
42315
35912
39580
31213
31576
44512
45660
24946
40775
59217
51097
31333
46165
91647
42184
30971
90628
42388
33389
29772
45519
68595
41517
79452
35791
29849
50386
27798
44114
31378
38117
29039
32803
33669
60619
36460
32137
57683
30684
34831
32125
35472
31103
31008
25920
29414
44487
35383
26186
29434
26599
25039
36530
30703
29846
39871
28604
33065
26029
25414
68138
24866
21920
98739
25106
26313
21343
24906
27487
25734
25232
31469
20387
28744
27802
28479
38066
24464
22985
25726
27008
24633
31831
24582
26662
22585
28700
29044
28540
33732
21838
21568
22504
26644
25753
21306
21679
20312
20761
21449
24002
24019
37954
27153
23846
24715
21161
26900
27288
21678
24010
20663
24770
21463
25133
24538
23753
29382
19659
26615
23116
22813
25205
22439
17923
21706
21287
21048
18911
22399
21540
19923
20721
20135
15976
26137
18480
21105
25882
22206
19911
20591
20665
30422
17781
20597
23011
18476
18843
19145
18790
19703
18066
22732
19646
19781
24794
19989
19351
18542
20342
15609
17978
18625
22244
17710
22829
19810
21937
21663
18890
18347
20245
19251
18211
17397
18547
18126
19790
16757
23247
19298
19466
18782
14635
19140
21473
18591
20237
18563
15569
18885
17229
19009
17598
17169
17267
15714
19155
15345
19149
22510
14747
16013
23791
17664
19620
16820
14702
16269
16406
15243
15886
16132
17538
18078
16785
16343
18789
19425
14738
16723
18078
14832
16589
14953
15524
16251
16599
15564
18874
16355
14572
17567
14898
15368
13958
15279
15774
12493
14776
17020
18739
13347
13138
14895
15522
14084
14582
15273
15195
14925
15110
14734
13360
14176
18825
14037
12219
13293
14833
13725
13819
14292
15278
14483
14840
13745
16885
14429
13302
12546
12138
14010
13432
15740
13662
13642
18349
14913
13510
14115
12620
13167
15538
11725
13487
13544
12953
13406
13117
13002
12169
14474
12991
14860
13844
14486
12771
12421
13448
11549
13759
11518
13424
14312
12073
13226
12246
14814
13339
13592
12626
12494
13284
14375
15494
12323
12170
12409
14003
12867
12229
11403
11798
13106
12806
11725
13307
12032
13518
12472
12114
12844
12061
10696
12580
12230
12675
13308
10449
11593
11456
13087
11951
11372
13570
11305
10990
11531
11628
10549
12620
11112
10347
10597
10865
15722
11488
13918
11835
11225
10905
11478
11003
12200
12624
11851
11214
9972
11397
10695
11333
10914
11417
10993
10700
9668
11628
12521
10274
12822
10848
11945
11712
10037
10106
9888
10352
11344
9346
9709
11501
9927
11645
11104
10105
12359
10159
9660
9918
10276
12024
12427
8769
12425
10043
11425
10260
9843
9196
11055
10286
10437
10052
11866
9154
9751
10014
9984
10854
9617
11481
10464
10425
9636
11021
9940
10333
10252
9813
9246
9670
11606
12247
8887
9991
9400
9652
10082
10420
10613
9369
8635
8961
8752
8620
9721
8188
9601
10311
7926
8438
9496
9630
10406
7748
8946
10063
8459
8507
9435
