7.330892691367955
1.780769147295673
15.670622283918267
4.321570769230769
10.109426923071693
12.892769230767925
1.080912231730768
10.109426923076793
4.463173960681783
4.558635673071706
4.558635664708647
9.877570769147066
4.558769228473182
1.775426588347957
7.164681910175682
4.323707691470865
10.11476923071706
10.114622314303627
12.892769147295672
12.892765891826922
7.33676923071706
7.123076923076923
15.67076914729554
4.345076923071706
12.394999659972125
1.086265557909528
4.558635339182677
1.0861356647295675
4.321570769230767
1.0862692307692308
1.0809269230767922
15.670765557932691
15.67076914729554
4.558635673071706
4.558768929270248
4.558769228682261
12.892769230717061
1.7802795682067643
4.558765557932692
15.670622317307693
7.3314269230582125
15.665426588347952
15.664892692307172
15.435707692307677
12.892769230767925
7.336765891826923
1.0862691470661208
1.08626589182692
7.331426922867666
7.331426589182692
4.558635664728987
12.89276923071132
12.89276923069832
10.11476923076923
15.66541356730769
9.90107692284732
7.122542692307692
1.086135672868226
1.7754265521204118
4.345076922845284
1.0861353391826922
9.879707658916184
4.558769230769231
10.114769228473708
4.553426923076923
15.457076914729566
12.67907658834564
6.868034549530985
1.7807692286771748
7.336769147295674
12.887426923071706
1.0862692307691946
1.0809265861605168
4.558769230769196
11.771848586419056
1.780769228682392
7.33676552454327
12.88683333926923
7.123076922867713
10.11476923076923
10.11476923071706
7.3367692286823925
7.33676923071706
1.780765891618239
4.5587692307170595
7.33676914729553
12.887426923071706
7.123076923076923
1.0861356730716918
12.679076923076924
7.331426922868239
1.7427297276777094
4.552892692307678
10.114635673076794
1.780622283918269
10.114769228682388
10.11476555793268
1.7748392692307693
7.123076589182679
7.336635673071693
7.122541356647295
15.456542658918266
4.3450769230769195
1.0862658918217059
12.887426923076779
12.886892692284732
7.336769230769231
7.123076914729568
15.457076923076789
7.1017076914729556
15.670765521204322
15.670769138113581
7.122542692307692
9.90054269230717
1.7806223173076918
11.492363750362824
4.5587691389477945
1.7807691389274474
7.336769228473187
9.877357062098174
12.887426923076793
12.892769230769233
7.336769147295669
9.901076923071706
9.901076914729568
4.553426923071692
1.7806353382561357
4.323706209817308
12.89262084816473
1.7806353391595073
15.670620848173076
1.0862691381135803
7.331426922868227
15.45706208348173
7.123076914708699
12.886891356730768
4.345076914728994
1.0862691389483172
12.892769147290457
1.0861356424742827
15.435707691472953
7.336765882561359
15.45707692307692
15.670765891826921
12.892765891618229
4.558769230769198
15.017512150434609
1.0862692307692308
10.109426914729555
15.670635673076925
15.67076923071184
7.336769138029899
4.3450769138948315
15.456542692307119
4.558764674059294
9.655400248608618
10.109426914729568
7.331426923076779
9.885319721344652
10.108892655245413
12.892769230769229
10.114635338255209
1.7754265557932676
7.099570769228677
10.109426913892744
7.336769228682262
1.0809122316380217
15.457062228391596
1.7748333913567307
15.670769230767922
4.345076555793217
10.114769230769198
1.7754265557095643
4.558769147289882
7.336769230769198
15.670765883479044
15.670635663894831
7.336635672845075
4.558769230769231
1.08092691472952
4.3450620847838355
4.558620833348165
4.558635673076923
7.123076914729568
12.886833333926916
7.336620981638949
1.0862692284505433
12.89276589182692
12.655570620981639
7.3367691472899335
4.345062231728473
7.336769147295669
12.655333333335708
15.664833926589159
15.457063567284507
10.114622317284738
9.900542692307171
15.664892692284502
10.114315824638323
12.655335706356732
15.670757652098757
12.679063567307693
4.553426923071184
1.734657075589969
12.679076588345662
7.3367658915952845
10.114765557932113
10.109426923076779
15.45707692307692
15.670769228682257
12.655570635672792
9.877333357076916
4.3215706356728685
4.345076589182692
9.877335654269228
15.664892692307172
4.558769147290442
12.892769228682388
15.66541222839182
12.657707655570146
12.655357063566472
7.1230769230717055
7.101707692307693
7.336634554033672
4.558769138030103
4.55876589182692
7.33663566389483
15.118181775288523
15.665426588255297
1.775413530212043
7.099357062231728
15.665426914729569
4.553412228383479
10.108833339269228
1.0809122316380209
15.670765557932691
12.88741208333478
4.55876914706612
1.0861209816380208
12.886892692307118
1.7807692284737076
1.08626430155395
9.90107658918217
7.336765891826923
12.657706208333483
4.345076552083371
7.179243458371937
15.379075585657409
15.670765557097956
10.10889265891827
3.8157355538461486
15.435706356647296
9.901076555793267
4.323707691380209
9.87757063566473
15.670765521204117
1.780769228682392
1.7072577232509096
15.433570620981646
1.0862655579097371
1.780769228473708
12.887426552120434
12.89276923071132
4.3450635672868225
7.336635672845285
1.086135663811358
12.886833878985328
15.433570620848162
12.657707692307692
12.679063530579327
7.101707692307679
1.0803339135302084
1.7806209816380303
7.09935707691473
15.670765520833703
4.55341356647087
15.43333357076923
1.7754265524543267
12.887413566380303
10.11462083333335
1.7807658834586988
1.7807692284505208
12.143043859600542
9.877333570769148
10.108839265557913
4.345076913803011
15.435706353024546
7.330833926922868
4.345076555791183
12.679076923071126
7.101707655570957
7.336769230717056
7.099335706356648
15.670769138948316
10.114620833478384
1.0862692307691946
12.657707691380208
4.3431521536899895
4.321357076923077
7.331412084817285
7.099357076923072
4.323707655579119
12.679076913802065
9.900483392655579
15.433570765891819
15.665413533918217
7.336769138113581
15.665426552454317
7.336622316470864
4.345062098164729
1.7807692307170597
15.433570769230766
15.457076552083333
4.552833333392693
10.108839265891618
9.901062231647296
10.114635673071707
9.877335648926914
7.3367655208333336
4.553426552120432
9.879707655208334
7.336769147066121
15.457062083333335
7.123076923076792
7.0993333357062225
9.879707655208705
7.123062083334817
4.553426922868239
10.114765524541182
4.558765521204118
9.877570635663803
7.099357062083335
9.877333570620982
15.435707657588358
12.892620981638947
15.67062083348173
4.3213333333333335
4.3213333333335715
1.0862691389477956
10.114635673071126
9.42148193416092
1.0803339269228676
15.664833333392659
7.099333357062098
1.7807655579095054
9.877357076552121
7.330839265891595
4.321333333570621
7.0993333357062225
1.7806209816472958
15.670620833333334
12.655333335706223
12.88689269230711
12.892620833334817
12.655333570620982
15.670769228682389
12.655357062083336
4.553426588255218
4.5528339265557936
1.3934719851061275
12.679062084817307
12.655333357076914
7.123062083334817
15.433333333333332
15.457062083333335
12.655570620833334
7.123062083348165
12.679062231728452
9.901063567307677
7.336635672845075
12.89276589161824
12.655333335707692
15.433335707658824
7.099333335706208
1.0803333333926552
12.88689265521204
9.877357062098165
1.7806356638113523
12.655357062083334
7.336620848173071
10.108833926922845
15.67063566381135
15.435706208334818
10.11462083333335
12.679076914728988
12.679062083333472
12.679062084817307
10.114620833333333
10.108833333339266
1.7806356638020833
4.558769138947738
10.108833926552084
12.655333357076923
12.655333570620982
15.457062083334813
4.34506223163802
15.433333333335707
12.679062231638023
9.877333357062232
12.655333333357062
7.099333333335707
9.87733357076552
9.877570620981638
15.670765520833367
7.099333570622318
15.670765520833703
7.10170622317307
7.123062098163811
6.608720260957578
3.7864906718387332
15.670622316472896
7.10170622317307
1.7807691380208333
7.330833333392692
15.433333333333332
12.655333333333335
7.099333570620834
4.541044079417017
4.321333333333335
12.655333333333335
12.677576083010022
12.655357063567308
12.655333357062085
9.877333333333358
9.877335706223164
9.901062083333333
9.877333570620847
6.6047413670349275
12.655333333333335
7.099333333333334
15.45706208481647
6.626639373417651
7.101706208333335
15.435706208106087
7.099333333333571
7.099333357062084
12.657706208333334
10.108833333339266
9.877570620833334
4.558765520833333
12.655333333333335
7.099333333333334
4.321333335706209
7.0993570620833335
9.654625986335187
9.877333326052547
15.433357062083331
12.655333333333335
15.670635663802091
12.655333333333335
12.678238605990764
7.099333333333334
15.433570620833484
12.655333333333335
4.323706208333333
4.3213333333333335
4.321333357062083
7.099333333333334
7.336635664728988
1.0803392655208333
12.886833333333334
15.670620833333334
9.877333333333334
1.7806208333333333
15.433333333570767
12.655333333333335
1.7748333333333335
12.886833333333339
1.774833339265521
9.877333333333334
4.321335707655209
12.892635663811353
15.433333333335707
15.433335654120834
4.3213333333333335
7.099333333335707
15.433333333333332
15.433333335706209
9.877333335706208
7.099333333333334
4.227889399700528
15.433333333333332
15.43333333357062
9.877333333333334
7.0993357062083335
15.433333333333332
7.099333333333334
12.65533333333333
7.099333333333334
9.877333333333334
9.877333333333334
12.655333333333566
15.433333333333332
9.877333333333334
4.3213333333333335
12.657706208333334
15.433333333333332
7.099333333333334
12.655333333333335
15.433333333333332
