-32944.0
-51320.0
-28834.0
-61909.0
-41873.0
-36239.0
-28604.0
-31395.0
-30607.0
-35999.0
-24780.0
-29106.0
-27507.0
-30379.0
-24976.0
-21807.0
-24544.0
-21509.0
-19170.0
-21019.0
-39752.0
-28519.0
-21148.0
-19899.0
-21644.0
-19876.0
-20131.0
-15452.0
-18341.0
-18680.0
-16925.0
-16215.0
-18205.0
-20893.0
-18382.0
-14781.0
-12613.0
-15370.0
-18528.0
-132626.0
-12005.0
-15792.0
-30576.0
-14570.0
-14688.0
-22028.0
-13855.0
-21613.0
-13103.0
-19469.0
-15595.0
-16812.0
-14429.0
-15713.0
-13973.0
-15334.0
-16366.0
-12833.0
-15152.0
-14194.0
-12874.0
-12648.0
-13729.0
-207493.0
-15609.0
-29606.0
-33109.0
-15631.0
-14163.0
-21703.0
-12066.0
-32023.0
-13442.0
-13709.0
-11043.0
-14072.0
-11697.0
-15101.0
-11108.0
-12716.0
-11124.0
-12386.0
-12727.0
-12552.0
-11361.0
-11527.0
-12579.0
-10954.0
-12948.0
-12100.0
-18174.0
-10951.0
-12113.0
-10595.0
-9562.0
-9881.0
-8676.0
-10044.0
-13471.0
-10272.0
