6.273148148148148
10.734814814814815
6.289259259259259
14.333148148148148
8.432222222222222
7.903333333333333
6.070555555555556
7.689259259259259
6.996111111111111
8.669444444444444
5.436481481481482
6.733333333333333
6.55037037037037
7.330185185185186
6.343518518518518
5.732592592592592
5.858148148148148
5.229259259259259
5.252592592592593
5.517592592592592
9.76037037037037
7.118148148148149
5.980370370370371
5.337037037037037
5.367592592592593
4.986296296296296
5.225185185185185
3.821851851851852
4.937777777777778
5.159259259259259
4.734814814814815
4.792037037037037
4.867407407407407
5.641111111111111
4.94
4.7155555555555555
3.914814814814815
4.496296296296296
4.946296296296296
30.594814814814814
4.332777777777777
4.260185185185185
7.766481481481481
4.0851851851851855
4.185925925925926
5.942222222222222
4.420555555555556
5.37925925925926
4.177037037037037
5.399259259259259
4.194444444444445
4.59
4.082037037037037
4.575
4.486851851851852
4.8244444444444445
4.758518518518518
3.791851851851852
4.613333333333333
4.2427777777777775
4.619814814814815
4.282777777777778
4.387962962962963
45.92444444444445
4.496296296296296
7.735740740740741
9.048703703703703
4.5848148148148145
4.1937037037037035
6.458703703703704
3.8512962962962964
7.894074074074074
4.031296296296296
4.382407407407407
3.4157407407407407
4.25537037037037
3.897037037037037
3.6066666666666665
3.5735185185185183
2.973148148148148
3.8381481481481483
4.1561111111111115
3.9464814814814817
4.0092592592592595
3.441666666666667
3.7327777777777778
4.1338888888888885
3.2637037037037038
3.937962962962963
3.3538888888888887
4.634074074074074
3.352962962962963
3.886851851851852
3.781851851851852
3.046666666666667
3.0664814814814814
3.087222222222222
3.7274074074074073
3.7424074074074074
3.296111111111111
