36245
38086
46053
38867
42017
36577
38699
32448
40050
30792
35303
30758
38331
29803
41126
31543
32273
30799
35080
41341
33539
26854
38723
27661
32537
22910
33615
26248
29321
29694
26799
33422
28007
26820
26588
21520
24660
27603
28311
27945
30317
22780
21703
23928
25488
20582
26564
24568
22611
19545
20658
20045
22667
23334
34868
21433
20981
21696
22474
23490
27468
19127
19725
17741
20841
17862
22315
18666
15371
21279
18377
16658
20555
17391
16884
18297
19037
18398
16781
20657
20611
15430
16081
16793
17674
19068
20784
16392
16345
18551
17210
16013
16487
20447
13958
13677
16889
15491
18205
14197
