1.0862692307925654
7.336769147295674
4.558765891826924
10.11476923076923
7.336769230769231
7.336769230769231
4.558769230767926
1.0862692286823918
1.1003839895748535
4.345076922868239
15.670635673076925
1.7807655579326922
1.0861353391826922
1.0862692307692308
1.0862692307692308
15.67076923076923
4.558769230769231
10.11476923057898
1.7807692307692307
1.0862692307692308
7.33676923076923
12.892769230769233
7.336769230769231
9.901076914729568
13.115409372870166
4.558769230767926
10.109426923076924
15.45707692307692
15.45706356728682
15.67076923076923
15.670769230769196
4.345063567286823
1.7807571154974535
10.11476923076923
15.67076923076923
1.086269147086989
1.7807692307691951
1.080926923071706
1.0862692307692308
7.336765891821706
1.0861356730769232
3.7845021735782134
1.780769230711321
12.892769230769233
4.345076923076923
1.0862692307692299
12.892769230769233
9.87965426913895
1.0862692286822615
7.336620834817308
1.0862691389477956
7.336769228450753
7.123063567307693
15.43570769147296
12.679076552087041
1.0862692307692308
4.558769147295673
4.5587692307170595
9.718478993593699
15.670635673071184
12.886892692307171
10.108892658825521
1.7807692284737076
15.665426589182676
10.114769138113582
1.086265437405623
7.336622316381136
15.414845455607315
1.0862692307692308
4.558769230769231
12.887426914728987
7.336620981638947
7.336622317307172
1.780635663811358
7.099356542655208
4.558769230769198
9.901062098163802
1.7807655579118227
15.66483392691473
12.655335707691382
15.433335707658836
1.774892692307692
7.123076922845054
9.877357062231638
1.0862691381135297
10.11462083333335
15.433570620833331
12.655333335706208
4.321333335706357
7.099335706223165
12.655357062083334
7.239516486733893
4.3450620833333335
4.323706223172845
1.0861208334817287
15.723687028755403
15.433333333333332
9.877333333333334
4.3213333333333335
15.433333333335707
