-46262.0
-40049.0
-33251.0
-53992.0
-39167.0
-36918.0
-30405.0
-43547.0
-35708.0
-34622.0
-41152.0
-37452.0
-33639.0
-37275.0
-23462.0
-26405.0
-28302.0
-25993.0
-20802.0
-33839.0
-20489.0
-22899.0
-27801.0
-19685.0
-24875.0
-22442.0
-17700.0
-19775.0
-21950.0
-20196.0
-22642.0
-21556.0
-21498.0
-20882.0
-18299.0
-21503.0
-17389.0
-25224.0
-18940.0
-18401.0
-16251.0
-17699.0
-15335.0
-18598.0
-17097.0
-19474.0
-14997.0
-17712.0
-17015.0
-21001.0
-14216.0
-14223.0
-14411.0
-16812.0
-15222.0
-12708.0
-12955.0
-13259.0
-14174.0
-14487.0
-13929.0
-12980.0
-13965.0
-12121.0
-13047.0
-15370.0
-15229.0
-12572.0
-14279.0
-14229.0
-13197.0
-12876.0
-13247.0
-12229.0
-14695.0
-12328.0
-11081.0
-12431.0
-11231.0
-12408.0
-9781.0
-14073.0
-11413.0
-11367.0
-11412.0
-14807.0
-11670.0
-10402.0
-10975.0
-11369.0
-12109.0
-12084.0
-12252.0
-12246.0
-10830.0
-11586.0
-10571.0
-10396.0
-15446.0
-10674.0
