10.16851851851852
9.297777777777778
7.072962962962963
11.73037037037037
8.631481481481481
7.800185185185185
5.387037037037037
8.67388888888889
8.563703703703704
7.597037037037037
9.392407407407408
7.698518518518519
7.144259259259259
8.722222222222221
5.873703703703704
6.441851851851852
7.100740740740741
6.137407407407407
5.317407407407408
7.12925925925926
6.096111111111111
5.348518518518518
7.54037037037037
5.091296296296297
5.848518518518518
5.561296296296296
4.568888888888889
4.991481481481482
5.935925925925926
5.245
5.536851851851852
5.417592592592593
5.108518518518519
4.900555555555556
4.649629629629629
5.463333333333333
4.49962962962963
6.545925925925926
5.0596296296296295
5.665925925925926
4.961296296296296
4.382962962962963
4.315185185185185
4.75537037037037
4.132777777777778
4.859074074074074
3.935185185185185
4.598703703703704
4.539074074074074
5.040555555555556
3.841666666666667
3.812962962962963
4.141666666666667
4.650555555555556
4.0435185185185185
3.822962962962963
4.189629629629629
4.050925925925926
3.9453703703703704
4.062962962962963
4.1775925925925925
3.8851851851851853
4.110925925925926
3.44
3.8075925925925924
4.387037037037037
4.295555555555556
3.7224074074074074
4.191296296296296
4.157592592592593
3.6624074074074073
3.6933333333333334
3.632037037037037
4.021851851851852
3.9301851851851852
3.7325925925925927
3.3846296296296297
3.600185185185185
3.3505555555555557
3.532962962962963
3.4714814814814816
3.9298148148148146
3.5103703703703704
3.3596296296296297
3.3675925925925925
3.7025925925925924
3.8142592592592592
3.2777777777777777
3.9033333333333333
3.7944444444444443
3.3887037037037038
3.4783333333333335
3.3805555555555555
4.240555555555556
3.1205555555555557
3.1553703703703704
3.2551851851851854
3.5294444444444446
3.6894444444444443
3.0768518518518517
