4.5587692308172425
12.892769230767925
7.336769230769231
7.336769230769231
1.0862692307692308
1.7807692307692307
7.336769230769231
7.336769230769231
10.30505606648558
10.11476923076923
4.558769230769231
4.558765891826924
1.3355769230759453
10.11476923076923
15.67076923076923
1.7807692307692307
1.0862692307692308
9.669576923077113
10.109426914729045
4.558769230769231
1.7807692286771748
12.892769230769233
10.11476923076923
4.558769230767926
15.95371860880985
9.901076922868238
10.114769147295673
4.553426923076923
10.11476552454327
1.7807692307692307
10.114769223219767
4.558769230711843
15.670768929820264
4.558769230769231
10.114769147295673
15.665426923076922
4.558769230769231
7.336769230769231
10.11476923076923
15.67062098173077
15.67076923076923
1.7807692307770921
10.114765891826924
1.0862692307692308
1.780769230767783
7.336769230769231
12.892769147086975
1.0803926923076923
1.0862692307692308
1.7807692307169152
15.67076923076923
1.080913567286824
15.43333357076923
1.7807692307692307
15.670769228450752
7.101707692307693
12.65770622283916
4.345076914729554
15.440830238303539
1.7754135673076923
7.1230769230717055
12.892769230769233
1.0862692284737079
4.552833926922868
9.879706356730718
4.321570345058886
1.0861356647290457
4.421632201068412
9.877333335707693
1.0862692307692308
10.114769138113582
1.0861356730711844
10.114620848163895
10.114620981638948
15.457076923071185
7.33663567307118
1.7807655208333373
1.0803333392691474
15.651397819213338
9.90048333392659
12.679062083481638
15.43357076552087
12.679063566380218
7.099333570620834
4.558769138021761
15.670620833348163
15.435707691380207
4.558620833333348
12.655333570622316
9.877357076552084
12.890534921875027
7.226604124379305
12.655357062083482
9.877333333333334
9.337906465108953
12.90594677813678
9.877333333333334
12.886833333333334
12.655357062083334
7.099333333333571
