54910
50208
38194
63344
46610
42121
29090
46839
46244
41024
50719
41572
38579
47100
31718
34786
38344
33142
28714
38498
32919
28882
40718
27493
31582
30031
24672
26954
32054
28323
29899
29255
27586
26463
25108
29502
24298
35348
27322
30596
26791
23668
23302
25679
22317
26239
21250
24833
24511
27219
20745
20590
22365
25113
21835
20644
22624
21875
21305
21940
22559
20980
22199
18576
20561
23690
23196
20101
22633
22451
19777
19944
19613
21718
21223
20156
18277
19441
18093
19078
18746
21221
18956
18142
18185
19994
20597
17700
21078
20490
18299
18783
18255
22899
16851
17039
17578
19059
19923
16615
