7.457592592592593
5.726111111111111
7.152592592592592
10.753518518518518
7.006296296296297
9.017222222222221
7.871851851851852
6.13
8.839074074074073
8.70574074074074
6.8785185185185185
8.441666666666666
6.719444444444444
6.830555555555556
5.890370370370371
7.105555555555555
7.0851851851851855
6.756851851851851
8.216296296296296
8.483518518518519
6.345
6.240185185185185
7.609259259259259
7.667592592592593
6.485185185185185
6.4346296296296295
8.426111111111112
6.280925925925926
6.778888888888889
5.297962962962963
8.008888888888889
5.532962962962963
6.761666666666667
5.977962962962963
8.325555555555555
11.22537037037037
9.488333333333333
5.9964814814814815
8.071851851851852
5.42537037037037
5.9622222222222225
7.238333333333333
5.5962962962962965
5.312222222222222
6.12462962962963
6.006111111111111
5.911296296296296
5.645185185185185
5.682777777777778
6.821481481481482
7.6338888888888885
5.615
6.852222222222222
6.452407407407407
7.243333333333333
6.70925925925926
5.912222222222222
7.103148148148148
5.695185185185185
4.883703703703704
6.303148148148148
5.857037037037037
7.8261111111111115
5.3603703703703705
6.364629629629629
6.111111111111111
5.313888888888889
5.576481481481482
5.342592592592593
4.897222222222222
5.693148148148148
6.353148148148148
4.886851851851852
5.54462962962963
4.984629629629629
5.684814814814815
6.188518518518518
6.2411111111111115
5.710555555555556
5.901481481481482
7.162962962962963
6.812592592592592
5.2316666666666665
5.512962962962963
5.803888888888889
4.893518518518518
6.476111111111111
4.097037037037037
5.95574074074074
4.776481481481482
5.7481481481481485
4.703703703703703
5.134074074074074
5.085740740740741
4.535
4.799814814814815
5.298518518518518
5.46037037037037
5.964814814814815
4.551296296296297
6.292037037037037
7.621111111111111
4.760555555555555
4.600925925925926
4.868888888888889
4.969444444444444
4.736296296296296
4.900555555555556
5.446666666666666
5.245185185185186
4.125555555555556
5.364074074074074
4.6177777777777775
4.574074074074074
5.355555555555555
4.791851851851852
5.142222222222222
5.39
4.891851851851852
3.8866666666666667
4.41074074074074
4.072037037037037
4.806851851851852
4.6375925925925925
4.178333333333334
4.762037037037037
4.272777777777778
4.324074074074074
4.873333333333333
6.588333333333333
4.591481481481481
4.850370370370371
4.897222222222222
5.184074074074074
4.46037037037037
4.560925925925926
4.052407407407407
4.562037037037037
5.292037037037037
5.021296296296296
4.142777777777778
4.233148148148148
4.473148148148148
4.04962962962963
3.9996296296296294
4.909074074074074
3.706851851851852
4.865
4.181666666666667
3.9314814814814816
4.297407407407407
4.705
4.392037037037037
3.83037037037037
4.113518518518519
4.3314814814814815
4.163518518518519
4.988888888888889
4.072037037037037
4.690185185185185
4.298148148148148
4.025
3.6933333333333334
3.631851851851852
4.073333333333333
4.53462962962963
3.6277777777777778
4.194629629629629
4.04925925925926
4.3372222222222225
4.36962962962963
3.967962962962963
4.1524074074074075
4.8768518518518515
3.681111111111111
3.735925925925926
4.027777777777778
4.233333333333333
5.455185185185186
4.186296296296296
4.266851851851852
4.916111111111111
4.060740740740741
3.441666666666667
4.341851851851852
3.9537037037037037
4.743888888888889
3.783703703703704
4.195185185185185
3.833148148148148
3.7462962962962965
4.568148148148148
4.143518518518518
4.050740740740741
4.097037037037037
3.842037037037037
3.956851851851852
4.815925925925926
4.16037037037037
3.611666666666667
3.981851851851852
4.13
4.626481481481481
3.837222222222222
6.328888888888889
3.502037037037037
3.6375925925925925
4.196111111111111
3.7309259259259258
4.082962962962963
3.7842592592592594
4.112592592592593
3.8494444444444444
3.8922222222222222
3.8851851851851853
3.5568518518518517
3.417037037037037
3.7157407407407406
3.7687037037037037
3.7116666666666664
3.67
4.285925925925926
3.1825925925925924
3.332222222222222
3.859074074074074
3.5098148148148147
3.9922222222222223
3.6818518518518517
3.505
4.0781481481481485
3.9194444444444443
3.421851851851852
3.5975925925925925
3.3933333333333335
3.272962962962963
4.1177777777777775
3.801111111111111
3.6038888888888887
3.5342592592592594
4.945
3.2416666666666667
3.6948148148148148
3.3225925925925925
3.560185185185185
4.071666666666666
3.9501851851851852
3.578888888888889
3.483888888888889
3.274259259259259
3.1746296296296297
3.1801851851851852
3.3096296296296295
3.450740740740741
3.8955555555555557
3.1975925925925925
3.4161111111111113
3.343148148148148
3.3470370370370373
3.615925925925926
3.5838888888888887
3.755
3.422037037037037
3.603148148148148
3.395925925925926
3.29
4.312777777777778
3.196851851851852
3.1483333333333334
3.2798148148148147
3.382222222222222
2.946111111111111
3.594259259259259
3.044259259259259
3.647962962962963
3.3559259259259258
3.038148148148148
3.812962962962963
3.3607407407407406
3.0785185185185187
3.3294444444444444
3.887777777777778
3.444259259259259
2.7872222222222223
3.412777777777778
3.172037037037037
3.482962962962963
3.4403703703703705
3.4520370370370372
3.648888888888889
3.216296296296296
3.343888888888889
3.3275925925925924
3.3712962962962965
3.4325925925925924
2.8761111111111113
3.487222222222222
3.5253703703703705
3.546851851851852
3.1666666666666665
3.3938888888888887
3.0687037037037035
2.8687037037037038
3.805925925925926
3.799074074074074
2.789814814814815
3.5972222222222223
3.567037037037037
2.8807407407407406
3.4142592592592593
2.773888888888889
2.9366666666666665
3.1135185185185184
3.4714814814814816
3.150185185185185
2.9805555555555556
3.0542592592592595
3.673888888888889
2.740740740740741
3.229814814814815
2.8244444444444445
3.255
2.8207407407407405
3.1933333333333334
3.1755555555555555
2.964074074074074
3.161111111111111
3.0951851851851853
3.1694444444444443
2.870740740740741
2.8625925925925926
2.754259259259259
2.8177777777777777
3.0733333333333333
3.0812962962962964
3.1622222222222223
3.0125925925925925
2.8094444444444444
2.742777777777778
2.928888888888889
2.698888888888889
2.8116666666666665
2.635740740740741
3.0812962962962964
3.1637037037037037
2.9685185185185183
2.905
2.7842592592592594
3.6624074074074073
2.957777777777778
2.8874074074074074
2.8744444444444444
2.9968518518518517
3.0907407407407406
2.852777777777778
2.9988888888888887
2.79
3.0009259259259258
2.8435185185185183
2.950925925925926
2.89
2.7553703703703705
2.925
2.612222222222222
2.8114814814814815
3.537037037037037
3.1572222222222224
2.745925925925926
2.8274074074074074
2.7535185185185185
3.1374074074074074
2.6194444444444445
2.692962962962963
2.8316666666666666
2.850185185185185
2.900185185185185
2.8742592592592593
2.782962962962963
2.973888888888889
3.007037037037037
2.882037037037037
2.7575925925925926
2.8335185185185185
2.272777777777778
2.7205555555555554
2.819259259259259
2.6442592592592593
2.578148148148148
2.591851851851852
2.6674074074074072
2.721111111111111
2.695925925925926
2.767962962962963
2.9483333333333333
2.492777777777778
2.4914814814814816
2.861851851851852
2.7448148148148146
2.7455555555555557
3.1911111111111112
2.4633333333333334
2.5614814814814815
2.618148148148148
2.6825925925925924
2.8022222222222224
3.0896296296296297
2.772777777777778
2.8214814814814817
2.971296296296296
2.807962962962963
2.5927777777777776
2.6081481481481483
2.9092592592592594
2.671666666666667
2.821851851851852
2.665
2.975
2.6931481481481483
2.546111111111111
2.52037037037037
3.0188888888888887
2.4657407407407406
2.4937037037037038
2.8846296296296297
2.591111111111111
2.6244444444444444
2.616296296296296
2.5748148148148147
2.4564814814814815
2.555925925925926
2.788148148148148
2.822962962962963
2.5533333333333332
2.713888888888889
2.543148148148148
2.592037037037037
2.666851851851852
2.433148148148148
2.7046296296296295
2.5894444444444447
2.3337037037037036
2.729814814814815
2.825740740740741
2.6412962962962965
2.631851851851852
2.5194444444444444
2.634259259259259
2.595
2.6909259259259257
2.5355555555555553
2.354074074074074
2.7003703703703703
2.5905555555555555
2.464814814814815
2.705185185185185
2.3474074074074074
2.553703703703704
2.499814814814815
2.3981481481481484
2.6566666666666667
2.4716666666666667
2.5277777777777777
2.5075925925925926
2.5298148148148147
2.4555555555555557
2.9214814814814813
2.4407407407407407
2.553703703703704
2.3866666666666667
2.34
2.466296296296296
2.433333333333333
2.732037037037037
2.57
2.295
2.392962962962963
2.2496296296296294
2.4146296296296295
2.440185185185185
2.407037037037037
2.4161111111111113
2.455740740740741
2.5735185185185183
2.428703703703704
2.3696296296296295
2.4394444444444443
2.493888888888889
2.4575925925925928
2.3577777777777778
2.386296296296296
2.366296296296296
2.3207407407407405
2.3627777777777776
2.5051851851851854
2.4435185185185184
2.3248148148148147
2.122037037037037
2.2868518518518517
2.314814814814815
2.502222222222222
2.2046296296296295
