1.0803925748816599
12.65764892692287
4.321565426923077
1.7806222805793268
10.114765882644832
12.892769147295672
7.336635672847319
1.0861223173076922
15.31710191013723
12.892769228677173
4.558769147295543
1.7807691470661209
1.7754122317307695
10.114765883479555
4.237393212240436
4.344489269230769
4.552891223173077
15.670769223163694
1.7807692307679264
1.0809269230767928
12.892769147086977
4.345062231647087
4.323654269230717
7.123063530579119
1.0568610035216346
12.657707692307692
7.123076914729046
12.892769230711844
7.336769230769231
12.88742692286824
15.664892692307689
12.89276922868226
12.892769228682392
15.457076923076789
4.323706344702124
10.11476923076923
1.0861356730769232
4.558635663894831
15.435707692307677
1.0861356730769232
4.558635339180975
12.89276922868226
15.457076922867662
4.558769147290456
1.7806356638948315
10.114769230716929
1.0861223163811151
4.558622317284737
15.670769228682389
15.664839269230765
4.3450769230767925
7.33676589182692
1.7748912098173069
12.892769230717061
12.892765557014275
1.7806356730717057
4.558769230711322
7.123076923076923
7.101707658918217
12.892769147295672
12.892769230711831
10.114769138030109
15.664891353391823
10.114622317307692
7.33663567284737
15.670635673071706
4.558769138948318
9.812410335798235
10.108892692307673
1.0809269230767922
1.7807692286822612
1.7807692307692307
15.670765891069374
12.657654122283919
9.677659750199087
7.336620981730718
1.0862655208704326
1.780765891618239
12.67906356647087
7.336769228677174
10.114769230711843
7.330892692307171
12.892622316472957
4.558620981730769
1.7806223173071125
15.670635672868235
9.879707692286772
10.109426555793211
7.331426923076924
12.657654265891827
4.55876923076923
7.166634540878555
10.114769230717055
10.10889135338346
4.5586356635903
1.7748926913894831
12.678542692307692
1.780635339182678
15.670635664706612
4.558620981647296
10.114769228473708
9.879654269228684
12.89276589182692
10.109426923076924
15.433335707692304
12.892769230769229
15.67076923071184
15.670635672868235
1.086269147289933
1.086265891826923
10.114769147295673
15.670765557932691
1.7806208478057912
7.122542691472956
4.345063567284528
11.451202687839213
12.892769228682392
1.7807658826427448
15.67076923071183
15.670635663894831
12.892769230769233
12.892765891826922
12.679076923076792
1.7807655570956402
1.7754269230769197
15.45707692307692
7.336765891826792
4.5587692307170595
10.10942692286824
12.679076914729045
4.558765524459796
4.345076923076923
12.886891209816474
12.8926356647087
4.345076923076923
12.679062228391826
1.7754269228676651
15.457076913811353
12.678542691472904
15.670622317307135
15.457076914708647
7.33676923076923
1.0809269147295673
12.892765891821131
7.099564833912231
12.892769228682392
12.573591767639455
15.664833339135674
15.435707692307119
1.0862692284528397
10.109426552120413
15.457076589182169
4.558769230769198
12.678483392658915
4.558769228681916
4.241773270530642
1.775426589182692
7.336769230711829
1.0611239836023174
12.679076589182678
7.336769230769231
15.433335707691379
15.670620834817305
1.0862692307679265
10.114620848163813
15.43333570635673
15.670635305709562
15.45707692307692
7.331412083333481
1.0862658825613583
10.114635305790975
12.892769230769199
15.457076913811358
15.43570769147296
12.887426589159528
7.336635672868239
4.5587658918217056
9.900542655570959
1.7807655208337043
9.901063567286823
15.670765891821128
15.457076922847369
15.45707692307692
12.892769228682392
7.336635673076924
1.7806222805790974
15.67076913894827
15.45706356728677
12.892635672847371
9.877335706209816
4.321565426923077
7.099564892658916
12.679063567284507
15.670769228677177
4.55342692307692
4.552833392692309
10.10942692307692
1.780765557932679
10.114765909094418
7.33142692307692
15.435707646208595
9.90107692307692
15.435707658834797
4.453580772072502
15.670769230711262
7.331413530579118
1.086122280579327
7.123076589182692
4.553426555791182
4.558769138020926
7.331413567307692
15.665412083481732
7.330892655212044
7.336769230769231
10.114769230769198
7.336769147086974
7.336769147295529
10.114765524543218
9.901076913802175
4.553426552086951
9.900489265891826
1.0803333339269232
7.336769230769198
1.0803388159092622
7.33676588255301
7.330892658918268
4.321333357076915
9.866913726287663
12.892769138113582
12.655570769138949
7.336769230767926
4.5586353383479565
15.457062098173077
15.456542692286826
1.0862691380217604
7.336769147295669
15.670622317286762
12.887426552083372
15.433570769147298
4.321570635663802
7.1017062084817315
4.539799133628916
15.670622317284506
1.7807691389483176
1.774892692286824
1.0861223164729568
15.314572705827867
15.457028919341804
4.345076914653618
15.457076922845056
15.004738993858592
12.678483926923077
10.108833333333394
1.0862691470869892
15.665426588255206
12.657706356730717
15.433357076913813
15.209928341543076
12.655570769138928
12.887426922845076
7.101707658915973
7.331426922868225
12.655565426923078
1.7748333333333928
7.336765891597369
1.080913567307692
12.679063564302009
10.114769228682261
12.887413566380303
12.886892692307692
12.892765891826922
7.122542692307678
4.321570769230769
7.123076923076923
10.109413567307692
12.679076589182692
10.114765557932692
4.321335706209784
12.886833926552455
7.331426923071126
1.7754269138948302
4.558765891595075
4.27238800658197
7.1016489122280575
12.65770620848173
4.55283333333927
4.321333570769228
4.5528333333333935
9.901076923076923
1.0862692307679265
4.3215654135664705
12.67907691380301
4.558620833333334
7.33676552454327
1.0862691380208427
15.433357076922846
7.123076923076923
12.67714274281893
4.323706356638949
15.66542692307678
7.123076555793212
9.877357076913812
1.7754265891807954
1.0862692286823885
12.892765883479552
10.114635305700613
1.0862692307170598
9.879706208348173
1.086269147289933
12.892635664729557
1.7807655245411822
12.886892655212046
7.099333565412084
7.330833339265522
4.323706356638948
9.877570635673072
1.7754120847838255
9.877570769230712
10.11463567286824
9.879707692284509
15.670635663811357
15.433565412083334
15.670765520833703
15.664833926922848
4.344541208333348
12.678541208348173
9.879706223163803
9.901063566380207
9.87733333570769
15.664839265891828
15.67062228382552
7.336635663894773
7.123076922845053
4.5528878863011
10.109413567307692
10.11462084816473
15.433570635664728
7.099570769138948
4.553426552083334
1.086269147290456
9.621161271635263
15.45706223164729
15.433357062231646
7.123062083333333
1.080926914729567
1.0861353382553012
15.433333357063566
7.099333333570769
15.670765520833333
1.0809265557911822
15.664839269228452
1.0803333333339267
15.435706223163896
15.433357076552085
15.433333570622318
10.10942692307692
4.345062083334817
7.336622317307112
15.665426589182676
3.408565415710308
9.879706208333335
15.435706209783836
15.433333333335707
15.433333357076554
7.099357062083482
1.080333926555791
4.321357076913802
1.7748392655211958
4.552839269138022
12.65533357076552
12.892765891826922
7.101706208478385
15.433570769230716
15.433570769147298
12.679062084816382
1.0861356638020834
1.0809135339182678
15.43333335706223
15.433333357076588
10.108833333333333
10.114765891826778
7.099333570622316
12.655333333333552
1.080926589182678
10.108833333333333
12.655333335706345
15.670635672845282
4.553412083333333
15.433333333357075
12.892765520837042
4.558620833333348
10.114620848173072
1.0861353020870408
1.0809265520833369
9.90106208481639
12.655333333570635
1.0803333333333334
1.7806356728473696
15.43333333333357
4.558769138947738
4.558765524541182
15.43356542658916
12.679062083333333
15.433570620834814
7.0993333335706215
4.3450620981728445
15.4333333570621
10.114620833481638
9.866514075221733
3.792031406908413
10.114620981638021
4.323706208348164
4.558765557909505
4.321333335654269
1.7806223164728991
12.655333333357078
12.657706223163803
9.899814266056818
7.099333333333334
9.877357062083481
4.343238124441852
4.3450620833333335
12.655357062083334
4.552833333926555
12.655333333333335
9.877333357062083
15.664833392658915
9.392451093746985
4.558765520833333
4.321333357062083
15.433335706208334
0.8219012126287926
15.664839269228452
4.3213333551589574
12.657707691380208
15.435706209816379
7.336620848163802
1.7806208333333333
4.321333333570765
7.099333335706208
1.7748333333333335
12.655333333333335
4.3213333333333335
7.3308926552120415
6.9518728293666
9.877328035794898
7.099333333570769
15.433333333333332
4.3213333333333335
12.886892655208333
14.90393454571614
15.43333333333357
12.655335706223164
12.892765520833333
15.6648333391353
9.877333333335708
12.655570620833334
15.435707691380207
9.877333333335708
15.433333333335707
15.43333333333357
15.433333333357064
10.108833333333333
4.3213333333333335
4.321333570620833
9.877333333333334
4.3213333333333575
9.877333333333336
9.877333333333334
12.65533357076552
15.433333333333564
7.099333333333334
15.433333333333332
4.3213333333333335
9.877333333333334
7.0993333335706215
9.877333333333334
4.3213333333333335
7.099333333333334
15.433333333333332
6.967515753396678
15.433335706208334
15.433333570620835
4.3213333333333335
12.655333333333335
15.433333333357064
4.3213333333333335
15.433333333357075
4.3213333333333335
12.655333333333335
12.655333333333335
4.3213333333333335
9.901062083333333
7.099333333333334
7.099333333333334
12.655333333333335
12.655333333333335
4.3213333333333335
9.877333333333334
4.3213333333333335
