40271
30921
38624
58069
37834
48693
42508
33102
47731
47011
37144
45585
36285
36885
31808
38370
38260
36487
44368
45811
34263
33697
41090
41405
35020
34747
45501
33917
36606
28609
43248
29878
36513
32281
44958
60617
51237
32381
43588
29297
32196
39087
30220
28686
33073
32433
31921
30484
30687
36836
41223
30321
37002
34843
39114
36230
31926
38357
30754
26372
34037
31628
42261
28946
34369
33000
28695
30113
28850
26445
30743
34307
26389
29941
26917
30698
33418
33702
30837
31868
38680
36788
28251
29770
31341
26425
34971
22124
32161
25793
31040
25400
27724
27463
24489
25919
28612
29486
32210
24577
33977
41154
25707
24845
26292
26835
25576
26463
29412
28324
22278
28966
24936
24700
28920
25876
27768
29106
26416
20988
23818
21989
25957
25043
22563
25715
23073
23350
26316
35577
24794
26192
26445
27994
24086
24629
21883
24635
28577
27115
22371
22859
24155
21868
21598
26509
20017
26271
22581
21230
23206
25407
23717
20684
22213
23390
22483
26940
21989
25327
23210
21735
19944
19612
21996
24487
19590
22651
21866
23421
23596
21427
22423
26335
19878
20174
21750
22860
29458
22606
23041
26547
21928
18585
23446
21350
25617
20432
22654
20699
20230
24668
22375
21874
22124
20747
21367
26006
22466
19503
21502
22302
24983
20721
34176
18911
19643
22659
20147
22048
20435
22208
20787
21018
20980
19207
18452
20065
20351
20043
19818
23144
17186
17994
20839
18953
21558
19882
18927
22022
21165
18478
19427
18324
17674
22236
20526
19461
19085
26703
17505
19952
17942
19225
21987
21331
19326
18813
17681
17143
17173
17872
18634
21036
17267
18447
18053
18074
19526
19353
20277
18479
19457
18338
17766
23289
17263
17001
17711
18264
15909
19409
16439
19699
18122
16406
20590
18148
16624
17979
20994
18599
15051
18429
17129
18808
18578
18641
19704
17368
18057
17969
18205
18536
15531
18831
19037
19153
17100
18327
16571
15491
20552
20515
15065
19425
19262
15556
18437
14979
15858
16813
18746
17011
16095
16493
19839
14800
17441
15252
17577
15232
17244
17148
16006
17070
16714
17115
15502
15458
14873
15216
16596
16639
17076
16268
15171
14811
15816
14574
15183
14233
16639
17084
16030
15687
15035
19777
15972
15592
15522
16183
16690
15405
16194
15066
16205
15355
15935
15606
14879
15795
14106
15182
19100
17049
14828
15268
14869
16942
14145
14542
15291
15391
15661
15521
15028
16059
16238
15563
14891
15301
12273
14691
15224
14279
13922
13996
14404
14694
14558
14947
15921
13461
13454
15454
14822
14826
17232
13302
13832
14138
14486
15132
16684
14973
15236
16045
15163
14001
14084
15710
14427
15238
14391
16065
14543
13749
13610
16302
13315
13466
15577
13992
14172
14128
13904
13265
13802
15056
15244
13788
14655
13733
13997
14401
13139
14605
13983
12602
14741
15259
14263
14212
13605
14225
14013
14531
13692
12712
14582
13989
13310
14608
12676
13790
13499
12950
14346
13347
13650
13541
13661
13260
15776
13180
13790
12888
12636
13318
13140
14753
13878
12393
12922
12148
13039
13177
12998
13047
13261
13897
13115
12796
13173
13467
13271
12732
12886
12778
12532
12759
13528
13195
12554
11459
12349
12500
13512
11905
