-27514.0
-19750.0
-25185.0
-42864.0
-25213.0
-32934.0
-29023.0
-21475.0
-32833.0
-33749.0
-24298.0
-31531.0
-23939.0
-24147.0
-19545.0
-24732.0
-26455.0
-25014.0
-30529.0
-31146.0
-22575.0
-21954.0
-25076.0
-28284.0
-22709.0
-21796.0
-30449.0
-22296.0
-24948.0
-18207.0
-29973.0
-19711.0
-24637.0
-21730.0
-32068.0
-40187.0
-34850.0
-20198.0
-29609.0
-17447.0
-19642.0
-25199.0
-19247.0
-18102.0
-21251.0
-20737.0
-20267.0
-19093.0
-19170.0
-24985.0
-27539.0
-19611.0
-24646.0
-23305.0
-25712.0
-23885.0
-18356.0
-25280.0
-18482.0
-16182.0
-20643.0
-20143.0
-29136.0
-18002.0
-21262.0
-20863.0
-18274.0
-18326.0
-17579.0
-16118.0
-18290.0
-21861.0
-16377.0
-17701.0
-16705.0
-19737.0
-21916.0
-20689.0
-18354.0
-20641.0
-24623.0
-23723.0
-16012.0
-18018.0
-19617.0
-14497.0
-20551.0
-12567.0
-20995.0
-14626.0
-20070.0
-14639.0
-16983.0
-15339.0
-14218.0
-14823.0
-18126.0
-17529.0
-19287.0
-14790.0
-22032.0
-26174.0
-15950.0
-13992.0
-15384.0
-14083.0
-14889.0
-14615.0
-17869.0
-14788.0
-11970.0
-17468.0
-14180.0
-14195.0
-16360.0
-15147.0
-16477.0
-17006.0
-15745.0
-11362.0
-12821.0
-12227.0
-14766.0
-13814.0
-13132.0
-15137.0
-12991.0
-12641.0
-13439.0
-21982.0
-13844.0
-14276.0
-15535.0
-17122.0
-14165.0
-13695.0
-12051.0
-14020.0
-17481.0
-15595.0
-11601.0
-12685.0
-14357.0
-11653.0
-11650.0
-14983.0
-10435.0
-14940.0
-12059.0
-11347.0
-12700.0
-14860.0
-13423.0
-11173.0
-11989.0
-13221.0
-12548.0
-16002.0
-11757.0
-14224.0
-12209.0
-12082.0
-10475.0
-10093.0
-11353.0
-14406.0
-9897.0
-12873.0
-12275.0
-13105.0
-12906.0
-11595.0
-12322.0
-13625.0
-10564.0
-10304.0
-11892.0
-11265.0
-16255.0
-12070.0
-11733.0
-12945.0
-11582.0
-9064.0
-12106.0
-11114.0
-14460.0
-10775.0
-11961.0
-10528.0
-10487.0
-14063.0
-12466.0
-12239.0
-11709.0
-10615.0
-11523.0
-13237.0
-12301.0
-9720.0
-11191.0
-11990.0
-13889.0
-10079.0
-18435.0
-9237.0
-8342.0
-12511.0
-10446.0
-12017.0
-10511.0
-11407.0
-10741.0
-10541.0
-11166.0
-9762.0
-9852.0
-10220.0
-10142.0
-10183.0
-9422.0
-12375.0
-8589.0
-8808.0
-9522.0
-8936.0
-10907.0
-9838.0
-8844.0
-11874.0
-11262.0
-8587.0
-8964.0
-8634.0
-7795.0
-10823.0
-9434.0
-9754.0
-9123.0
-13959.0
-8232.0
-9636.0
-8715.0
-9725.0
-11023.0
-10599.0
-9370.0
-9730.0
-8881.0
-7383.0
-8310.0
-8246.0
-9386.0
-10418.0
-7951.0
-8705.0
-7884.0
-8206.0
-8385.0
-9226.0
-9850.0
-8610.0
-10066.0
-8860.0
-8399.0
-12913.0
-7736.0
-7282.0
-8178.0
-8512.0
-7231.0
-7848.0
-7535.0
-9455.0
-8752.0
-7713.0
-9528.0
-8541.0
-7214.0
-8004.0
-8749.0
-8756.0
-6645.0
-8313.0
-7798.0
-7788.0
-9134.0
-9309.0
-9455.0
-8172.0
-7902.0
-8243.0
-9069.0
-8684.0
-7291.0
-9643.0
-9180.0
-9088.0
-7795.0
-8302.0
-7070.0
-6993.0
-9626.0
-10457.0
-5978.0
-7892.0
-8217.0
-6444.0
-8235.0
-6016.0
-6520.0
-7159.0
-7722.0
-7700.0
-7167.0
-6012.0
-7793.0
-6454.0
-7562.0
-6599.0
-7880.0
-6287.0
-7765.0
-6467.0
-6866.0
-7613.0
-7154.0
-6816.0
-6328.0
-6745.0
-5996.0
-6181.0
-7092.0
-6962.0
-6862.0
-7154.0
-6604.0
-6043.0
-6655.0
-5916.0
-6484.0
-6270.0
-7024.0
-6754.0
-6899.0
-6037.0
-6684.0
-8210.0
-6908.0
-6530.0
-6241.0
-6311.0
-6302.0
-6336.0
-6038.0
-6150.0
-6902.0
-6376.0
-6130.0
-6311.0
-5807.0
-6386.0
-5460.0
-6160.0
-6999.0
-7722.0
-6070.0
-5828.0
-5266.0
-5984.0
-5695.0
-6403.0
-6879.0
-6137.0
-6443.0
-5976.0
-6007.0
-6625.0
-7509.0
-6037.0
-5850.0
-6231.0
-4990.0
-5982.0
-5457.0
-5230.0
-5676.0
-5326.0
-5188.0
-5190.0
-5975.0
-5560.0
-6003.0
-4994.0
-4932.0
-4704.0
-5814.0
-5392.0
-5744.0
-5032.0
-5241.0
-5669.0
-5947.0
-5509.0
-6108.0
-5763.0
-5881.0
-6800.0
-5212.0
-5173.0
-5013.0
-5686.0
-5590.0
-6073.0
-5955.0
-6214.0
-5391.0
-5344.0
-5210.0
-5464.0
-4879.0
-4614.0
-4691.0
-5474.0
-5686.0
-5565.0
-4991.0
-5057.0
-4883.0
-5838.0
-5404.0
-4859.0
-5438.0
-4573.0
-5663.0
-4965.0
-4849.0
-4947.0
-5498.0
-4779.0
-5191.0
-4686.0
-5432.0
-5056.0
-4799.0
-5467.0
-4657.0
-5109.0
-4573.0
-4694.0
-5430.0
-4549.0
-4646.0
-4635.0
-4491.0
-5050.0
-4698.0
-4661.0
-5043.0
-4829.0
-4675.0
-4577.0
-5139.0
-4425.0
-5143.0
-4282.0
-4992.0
-4721.0
-4255.0
-4607.0
-4835.0
-4512.0
-4238.0
-4226.0
-4455.0
-4661.0
-4864.0
-4437.0
-4080.0
-4681.0
-4371.0
-4774.0
-4660.0
-4311.0
-4350.0
-4878.0
-4666.0
-4089.0
-4572.0
-4424.0
-4437.0
-3889.0
-4590.0
-4623.0
-3988.0
-3824.0
-4189.0
-4294.0
-4281.0
-4028.0
