9.037592592592592
9.361666666666666
10.313333333333333
6.292222222222223
5.708888888888889
9.466111111111111
7.763703703703704
11.126296296296296
7.789444444444444
8.29111111111111
6.74
5.284814814814815
5.313888888888889
5.766111111111111
6.484629629629629
6.877222222222223
6.645555555555555
5.731111111111111
5.600185185185185
5.935185185185185
5.581111111111111
5.451296296296296
7.927962962962963
5.197037037037037
5.332592592592593
4.7085185185185185
6.018518518518518
6.080185185185186
4.472037037037037
5.244814814814815
4.844074074074074
4.998518518518519
7.787962962962963
3.953888888888889
9.726666666666667
6.508518518518518
5.647962962962963
12.809814814814814
11.709259259259259
5.13
5.1375925925925925
4.595555555555555
4.870185185185186
8.198888888888888
5.314444444444445
6.121296296296296
5.692777777777778
5.41037037037037
5.331851851851852
4.988888888888889
5.250740740740741
5.226666666666667
4.835925925925926
5.371851851851852
9.858703703703704
11.730185185185185
5.451481481481482
9.171851851851851
7.087407407407407
6.4131481481481485
13.548148148148147
16.480555555555554
5.53
6.521481481481482
5.650740740740741
7.328703703703703
5.148148148148148
4.793333333333333
11.379444444444445
12.687222222222223
36.15611111111111
36.92148148148148
6.722962962962963
8.45425925925926
6.4457407407407405
8.817777777777778
5.6305555555555555
13.840925925925927
8.393888888888888
10.908703703703704
26.434074074074076
7.317962962962963
10.24
5.8566666666666665
9.028518518518519
11.574444444444444
8.071666666666667
8.63537037037037
22.669444444444444
40.62407407407407
4.792407407407407
39.92425925925926
7.469444444444444
126.09277777777778
31.58685185185185
16.36777777777778
224.97296296296295
23.03074074074074
10.106666666666667
148.35796296296297
