48803
50553
55692
33978
30828
51117
41924
60082
42063
44772
36396
28538
28695
31137
35017
37137
35886
30948
30241
32050
30138
29437
42811
28064
28796
25426
32500
32833
24149
28322
26158
26992
42055
21351
52524
35146
30499
69173
63230
27702
27743
24816
26299
44274
28698
33055
30741
29216
28792
26940
28354
28224
26114
29008
53237
63343
29438
49528
38272
34631
73160
88995
29862
35216
30514
39575
27800
25884
61449
68511
195243
199376
36304
45653
34807
47616
30405
74741
45327
58907
142744
39517
55296
31626
48754
62502
43587
46631
122415
219370
25879
215591
40335
680901
170569
88386
1214854
124366
54576
801133
