-34683.0
-36113.0
-37959.0
-22609.0
-20444.0
-35463.0
-27815.0
-45350.0
-29382.0
-31152.0
-23447.0
-18069.0
-17184.0
-19574.0
-22179.0
-25227.0
-24706.0
-20427.0
-18622.0
-20116.0
-19787.0
-19274.0
-25750.0
-16848.0
-17413.0
-14095.0
-20343.0
-22025.0
-13630.0
-17114.0
-15753.0
-16433.0
-28368.0
-12034.0
-38798.0
-20122.0
-19528.0
-53203.0
-46724.0
-14688.0
-15782.0
-14189.0
-17076.0
-30248.0
-17550.0
-22124.0
-19016.0
-18279.0
-17341.0
-17052.0
-17757.0
-17318.0
-15467.0
-17361.0
-37053.0
-45821.0
-16600.0
-35384.0
-26329.0
-22073.0
-52992.0
-70376.0
-19159.0
-22999.0
-18997.0
-27527.0
-17404.0
-15745.0
-44079.0
-49686.0
-167499.0
-161877.0
-24528.0
-32470.0
-22188.0
-32795.0
-19446.0
-54469.0
-31178.0
-42435.0
-107407.0
-26427.0
-38110.0
-20882.0
-34313.0
-38866.0
-27757.0
-31835.0
-98657.0
-180959.0
-15407.0
-177407.0
-27264.0
-604120.0
-133302.0
-69233.0
-1081649.0
-94781.0
-40074.0
-707280.0
