1.0861344601862328
1.0809135673076793
7.33676923076923
1.0861353383478993
10.11476923076923
7.122541208481647
1.0862658834790455
7.123063533916164
12.602190490693504
1.0862692307692308
1.0861356728682392
15.670769138927398
15.457076922868225
1.0862692307679231
6.95700539625425
10.114765891821184
15.670769228682389
1.780635642456096
12.887426922868226
15.670769230767798
1.7807658918081568
4.5587691470869895
1.0809265557932692
7.331426923071693
15.119038550397548
10.10942655579327
4.558769230711843
4.5587692307170595
15.664833339265522
15.435707691389478
15.670622317286762
7.33676923076923
1.7807692286822614
15.664833333339265
1.780764678082179
9.900541356730717
15.665413567307677
4.558769147295673
4.558765891826924
7.10165426588348
15.435707689297095
10.114769228450523
15.670769230769196
9.901076922868226
4.558765891618239
12.887413567307117
1.0803392658825612
4.558769228450752
4.553426914728993
15.433333356542658
15.66489269228677
10.11476589182692
12.657707658910768
1.7807691380301023
4.3215707691381136
9.901063566472905
7.099570620833333
1.7748392692307693
10.108833333926553
12.655357076913896
9.901076913802175
7.101707692307693
7.336620981638021
4.345076914729554
1.7748333926552085
1.0809269230767797
7.123063566389478
12.348086522874453
7.336620848173071
4.321333570620848
4.552833333333339
7.099570620848164
1.7748339265861877
1.7754265520833337
9.501126890888575
4.558620833333348
9.877333333333334
4.321357062098164
9.877335706208333
15.433333565412084
4.3450622316389484
15.45706223163802
12.655335706356638
6.956575001779768
9.877335706208333
9.877333333333334
9.87733333333357
15.433357062231636
4.321333335706209
4.3213333333333335
7.099333333333357
12.397057254143244
15.670620833333334
4.938666666673535
9.901062083333333
1.0861208333333334
6.333977315009951
7.123062083333333
12.655333333333335
6.327749061372255
