5.502576867702101
1.7754269147290445
15.670769228682389
1.7754265891826926
1.7806353057911768
12.892769228682388
15.665426914729045
12.892769230698246
15.287432040217334
1.080926914708699
10.10942692286824
1.7806356647289934
4.558769230769229
15.457063533918216
4.4518927585758465
4.345076923076923
12.892769230716931
1.7807654379176796
1.78076923076923
1.0862658918269195
10.114769230711843
12.657706223173076
7.122489265891827
15.67076923071706
12.597216385621534
12.679076589182692
12.892620978057005
1.7806353391826923
12.887426914708698
15.433357076914707
15.670769230769196
1.7748926923076795
12.892769230767925
7.101654135672845
15.433570587030896
1.0861222838347957
15.665426922867663
15.670622316472958
7.123076923076923
4.558769147295673
1.7807658916164884
1.0861356638948316
12.892622280212043
4.558769138113524
15.435707658915977
12.892769147066122
4.321357063567285
10.109426914728989
15.435707691389478
15.670765557932679
1.7807658918211267
15.435706223164726
9.8775706356618
1.086265557932118
4.558620833333348
10.114769228473708
12.88683333926923
10.108891208333334
15.433333565412084
1.0809122280579326
15.433570635673073
1.7748333926913893
1.0861356728473692
12.679076923071127
15.670620833348163
10.108892692284508
1.0861208481730769
15.408830371543655
7.409779656361299
1.086120848163802
7.33662098163803
1.7806356638947736
3.7831061441619616
15.43335706208335
7.590500461208217
4.3213333333333335
10.114622316389482
4.321570620848164
9.877333335654136
4.552833333333927
9.877333333357077
12.655333333333335
12.886892655208333
4.321357072151171
4.321570620834818
7.099333357062099
4.3450769138020835
4.321357062083333
7.099333357062084
4.3213333333333335
12.655357076552084
15.12401632765418
3.5496666671708206
7.5816250000000025
12.120515410524444
9.877333333333334
3.8583333333333334
7.716666666666677
9.877333333333334
4.321333333335706
