-26925.0
-26691.0
-24553.0
-30727.0
-24652.0
-23166.0
-24052.0
-21277.0
-19989.0
-29276.0
-22388.0
-18769.0
-34413.0
-35802.0
-20027.0
-23560.0
-30584.0
-22274.0
-18472.0
-23721.0
-40591.0
-27287.0
-23192.0
-23509.0
-20827.0
-20305.0
-14713.0
-14715.0
-40733.0
-18985.0
-38060.0
-13170.0
-32492.0
-17542.0
-15517.0
-21907.0
-16236.0
-14690.0
-15138.0
-17755.0
-14678.0
-13542.0
-14123.0
-24230.0
-15648.0
-9848.0
-11761.0
-12027.0
-9654.0
-10986.0
-177580.0
-14249.0
-14887.0
-11579.0
-21294.0
-13593.0
-18490.0
-14495.0
-14680.0
-16972.0
-28177.0
-28262.0
-23641.0
-20783.0
-25058.0
-19588.0
-26524.0
-62957.0
-89451.0
-40734.0
-23952.0
-116117.0
-21839.0
-49561.0
-28809.0
-45106.0
-288181.0
-332024.0
-91971.0
-53853.0
-57387.0
-26281.0
-58315.0
-43668.0
-78713.0
-158236.0
-143647.0
-216539.0
-82427.0
-275630.0
-87767.0
-149017.0
-255384.0
-117481.0
-127170.0
-113798.0
-196941.0
-144915.0
-110423.0
-71712.0
