7.2901851851851855
7.12925925925926
6.79
7.977407407407408
6.9218518518518515
6.562037037037037
6.979259259259259
6.052037037037037
5.79462962962963
7.954814814814815
6.317777777777778
5.357592592592592
8.708703703703703
9.489814814814816
6.063703703703704
7.034814814814815
7.989259259259259
6.233518518518519
5.601111111111111
6.742222222222222
10.11111111111111
7.322777777777778
7.040555555555556
6.607037037037037
6.183518518518518
5.7209259259259255
4.652962962962963
4.716111111111111
10.823333333333334
5.82537037037037
9.757777777777777
4.238148148148148
8.558148148148149
5.0996296296296295
4.691666666666666
7.12037037037037
5.000925925925926
4.859814814814815
5.000555555555556
5.933148148148148
4.855370370370371
4.357037037037037
4.4598148148148145
6.436296296296296
4.882962962962963
3.6551851851851853
4.137777777777778
4.0905555555555555
3.4948148148148146
3.7755555555555556
38.507962962962964
4.562777777777778
4.67537037037037
4.131666666666667
6.728888888888889
4.391666666666667
5.92037037037037
4.725740740740741
5.060925925925926
5.486851851851852
8.816296296296295
7.515555555555555
6.8207407407407405
5.921111111111111
7.099444444444444
5.7225925925925925
7.336666666666667
15.499444444444444
21.764074074074074
10.512037037037038
6.58425925925926
26.630370370370372
6.155555555555556
12.907037037037037
7.776481481481482
11.925185185185185
62.71981481481482
75.74185185185185
22.00722222222222
13.869259259259259
14.716851851851851
7.370185185185186
13.988703703703704
11.320555555555556
18.906666666666666
39.16407407407407
35.693518518518516
51.64833333333333
19.585555555555555
66.04462962962963
20.81740740740741
34.574074074074076
59.504629629629626
27.244814814814816
30.27074074074074
29.01462962962963
43.55574074074074
32.761296296296294
27.09148148148148
17.455
