39367
38498
36666
43078
37378
35435
37688
32681
31291
42956
34116
28931
47027
51245
32744
37988
43142
33661
30246
36408
54600
39543
38019
35678
33391
30893
25126
25467
58446
31457
52692
22886
46214
27538
25335
38450
27005
26243
27003
32039
26219
23528
24083
34756
26368
19738
22344
22089
18872
20388
207943
24639
25247
22311
36336
23715
31970
25519
27329
29629
47608
40584
36832
31974
38337
30902
39618
83697
117526
56765
35555
143804
33240
69698
41993
64396
338687
409006
118839
74894
79471
39799
75539
61131
102096
211486
192745
278901
105762
356641
112414
186700
321325
147122
163462
156679
235201
176911
146294
94257
