36283
26475
28938
20007
37450
22232
20892
21781
23302
27413
24427
23636
16310
16696
27382
21588
30551
21508
16680
15983
19724
17324
30212
21370
20740
22080
21423
31035
20079
21107
20433
17263
22650
15626
16281
19786
23038
19193
16272
20644
20260
13386
16532
17717
14749
13258
23495
16777
20410
13865
18176
15041
14505
13692
18105
14812
12692
17289
13916
16488
24277
14505
18459
13197
14173
14515
14705
14482
13303
12975
14197
14749
12867
14022
15219
13818
13184
15439
13502
13355
18740
11849
12438
16462
10921
20489
13957
11106
15089
12995
12923
18765
13397
16039
15003
12465
17399
10454
18929
14515
11426
11313
14167
13572
12590
11205
11796
13059
11101
11154
9257
11384
9694
11016
13275
11465
11211
12379
11907
10415
11839
13366
11173
12435
11573
11805
10527
12073
9910
11528
12493
11257
9998
11825
10910
10676
8990
9657
9402
11100
14158
10115
12288
8650
10453
10869
11426
10137
11316
9087
9204
10702
10842
10672
10189
9763
9491
9782
10135
9541
12200
10674
9242
9736
8469
8439
8273
9917
8758
8732
9083
8203
8414
7921
9842
10156
8906
8980
9972
7934
8313
9403
8018
11227
8008
8606
7864
10719
8205
8747
9321
7891
8085
8220
8958
7569
7967
7303
6862
6342
