6.719074074074074
4.902777777777778
5.358888888888889
3.705
6.935185185185185
4.117037037037037
3.868888888888889
4.033518518518519
4.315185185185185
5.076481481481482
4.523518518518519
4.377037037037037
3.02037037037037
3.091851851851852
5.0707407407407405
3.997777777777778
5.657592592592593
3.982962962962963
3.088888888888889
2.959814814814815
3.6525925925925926
3.208148148148148
5.594814814814815
3.9574074074074073
3.8407407407407406
4.088888888888889
3.9672222222222224
5.747222222222222
3.7183333333333333
3.908703703703704
3.783888888888889
3.196851851851852
4.194444444444445
2.8937037037037037
3.015
3.6640740740740743
4.2662962962962965
3.5542592592592595
3.013333333333333
3.822962962962963
3.751851851851852
2.4788888888888887
3.0614814814814815
3.280925925925926
2.7312962962962963
2.455185185185185
4.350925925925926
3.106851851851852
3.7796296296296297
2.5675925925925926
3.365925925925926
2.7853703703703703
2.686111111111111
2.5355555555555553
3.352777777777778
2.742962962962963
2.35037037037037
3.2016666666666667
2.5770370370370372
3.0533333333333332
4.49574074074074
2.686111111111111
3.4183333333333334
2.443888888888889
2.6246296296296294
2.687962962962963
2.723148148148148
2.6818518518518517
2.4635185185185184
2.4027777777777777
2.629074074074074
2.7312962962962963
2.3827777777777777
2.5966666666666667
2.8183333333333334
2.5588888888888888
2.4414814814814814
2.859074074074074
2.5003703703703706
2.473148148148148
3.4703703703703703
2.194259259259259
2.3033333333333332
3.0485185185185184
2.022407407407407
3.794259259259259
2.58462962962963
2.0566666666666666
2.794259259259259
2.4064814814814817
2.393148148148148
3.475
2.4809259259259258
2.9701851851851853
2.7783333333333333
2.308333333333333
3.2220370370370373
1.9359259259259258
3.5053703703703705
2.687962962962963
2.115925925925926
2.095
2.6235185185185186
2.513333333333333
2.3314814814814815
2.075
2.1844444444444444
2.4183333333333334
2.055740740740741
2.0655555555555556
1.7142592592592591
2.1081481481481483
1.7951851851851852
2.04
2.4583333333333335
2.123148148148148
2.076111111111111
2.2924074074074072
2.205
1.9287037037037038
2.1924074074074076
2.475185185185185
2.069074074074074
2.3027777777777776
2.143148148148148
2.186111111111111
1.9494444444444445
2.2357407407407406
1.8351851851851853
2.1348148148148147
2.3135185185185185
2.08462962962963
1.8514814814814815
2.189814814814815
2.02037037037037
1.977037037037037
1.6648148148148147
1.7883333333333333
1.741111111111111
2.0555555555555554
2.6218518518518517
1.8731481481481482
2.2755555555555556
1.6018518518518519
1.9357407407407408
2.012777777777778
2.115925925925926
1.8772222222222221
2.0955555555555554
1.6827777777777777
1.7044444444444444
1.9818518518518518
2.0077777777777777
1.9762962962962962
1.8868518518518518
1.807962962962963
1.7575925925925926
1.8114814814814815
1.8768518518518518
1.766851851851852
2.259259259259259
1.9766666666666666
1.7114814814814814
1.8029629629629629
1.5683333333333334
1.5627777777777778
1.532037037037037
1.8364814814814814
1.6218518518518519
1.617037037037037
1.682037037037037
1.519074074074074
1.558148148148148
1.4668518518518519
1.8225925925925925
1.8807407407407408
1.6492592592592592
1.662962962962963
1.8466666666666667
1.4692592592592593
1.5394444444444444
1.7412962962962963
1.4848148148148148
2.079074074074074
1.482962962962963
1.5937037037037036
1.4562962962962962
1.985
1.5194444444444444
1.6198148148148148
1.7261111111111112
1.4612962962962963
1.4972222222222222
1.5222222222222221
1.6588888888888889
1.4016666666666666
1.4753703703703704
1.3524074074074075
1.2707407407407407
1.1744444444444444
