-22564.0
-13308.0
-12934.0
-8357.0
-18643.0
-10016.0
-7882.0
-8842.0
-8722.0
-10330.0
-8142.0
-10037.0
-6818.0
-7285.0
-12463.0
-9629.0
-13166.0
-8908.0
-7229.0
-6118.0
-9059.0
-6782.0
-10395.0
-8871.0
-10760.0
-9759.0
-9193.0
-9438.0
-9655.0
-9247.0
-10847.0
-6320.0
-7219.0
-6551.0
-7078.0
-7339.0
-8854.0
-6744.0
-8446.0
-7944.0
-8735.0
-6015.0
-7520.0
-7777.0
-5472.0
-5231.0
-10737.0
-6979.0
-9987.0
-5440.0
-7872.0
-5215.0
-5371.0
-4898.0
-7278.0
-5364.0
-5148.0
-6017.0
-4992.0
-7099.0
-9125.0
-5876.0
-6334.0
-5305.0
-5469.0
-5729.0
-6026.0
-5997.0
-5681.0
-5006.0
-4745.0
-5273.0
-5442.0
-5982.0
-5777.0
-5194.0
-4260.0
-6080.0
-4970.0
-4463.0
-6453.0
-3970.0
-4967.0
-6258.0
-3400.0
-6947.0
-3526.0
-3904.0
-5286.0
-4409.0
-4203.0
-6689.0
-5870.0
-5093.0
-5455.0
-5143.0
-4828.0
-3248.0
-7044.0
-4946.0
-4782.0
-4296.0
-4606.0
-5209.0
-4541.0
-4057.0
-3949.0
-5116.0
-3770.0
-4197.0
-3328.0
-4054.0
-3620.0
-4054.0
-4993.0
-4937.0
-3485.0
-4586.0
-4187.0
-3521.0
-4188.0
-4890.0
-4314.0
-3902.0
-3437.0
-3525.0
-4067.0
-4511.0
-3456.0
-3732.0
-4467.0
-3822.0
-3383.0
-3651.0
-3958.0
-3629.0
-2863.0
-3818.0
-3085.0
-3125.0
-4106.0
-4006.0
-4137.0
-2651.0
-4074.0
-4035.0
-3455.0
-3691.0
-2774.0
-2592.0
-2944.0
-4045.0
-2859.0
-3257.0
-3573.0
-2981.0
-3123.0
-2791.0
-3247.0
-3288.0
-3431.0
-3716.0
-2947.0
-3396.0
-2769.0
-2408.0
-2514.0
-2812.0
-2765.0
-2724.0
-2741.0
-2566.0
-2415.0
-2341.0
-2614.0
-2447.0
-2526.0
-2438.0
-2817.0
-2274.0
-2611.0
-2331.0
-2838.0
-3357.0
-2346.0
-1952.0
-2705.0
-2214.0
-2087.0
-2731.0
-2706.0
-2126.0
-2371.0
-2415.0
-2567.0
-1807.0
-2039.0
-1837.0
-1631.0
-1794.0
