12.65557076168604
7.33676923071706
15.67076923076923
15.670635664706612
12.892765557909737
12.887413567307172
15.670635663892744
15.665426913894828
9.676928270655193
10.114769147295673
4.558769230767926
12.679076589182692
1.0862692307170598
12.892635673071705
15.318571997346822
12.886839135673076
7.336635664708697
15.457028499511257
4.345076922847371
7.123076923076923
4.3450765891821685
1.7806353391821133
10.109413567284731
15.670769147086986
15.318804044511316
9.901076914708698
7.336769147295674
4.553426589161822
9.900541223173077
1.0803392691381135
15.664892658916177
4.558769230717056
4.55876923076923
7.331426914729567
9.342440269289549
15.670769230769196
1.0862692307691981
15.45707692307692
1.0861356647063825
7.336769228682262
4.558769230764697
15.435707692286769
15.670769147290457
15.66542692284737
7.336769147295674
1.0803926588264274
10.114765557911772
7.336765883479555
10.109413567286767
10.108891353391828
15.670765557932167
4.345076914729567
15.455153222657742
7.331426923076779
10.109426914708699
7.331412084817307
4.552892658918217
1.7748926589182694
10.114769147295673
4.552892692284528
1.7754135673076923
1.7807692307692307
7.336769147290457
7.331426913894832
7.336769138948318
10.11476923076923
15.670769138030106
7.061345857869273
1.086135339161824
12.892620847838256
4.558769230717057
7.331412231647296
4.345058728842129
7.336769138946418
1.3367015224418999
10.114765891617719
12.892769230767925
10.11476923076923
1.7806356730767454
7.336765882644779
4.558769230769231
9.877565426922867
7.336635673076924
4.345076589182692
1.0862692286823883
10.114765882553012
4.345063567307171
12.655357076923078
7.1230769147295545
15.670769230767922
7.336635673071184
15.103067498492496
1.780635672868239
10.109426923076793
4.345076923076923
1.0861208481730766
15.665426923076916
4.5587692284528405
1.7807655579097372
4.344542691470865
4.553426914729553
7.3314269138111285
1.780769147290443
1.780620981728677
15.670635673076777
4.321357076589182
10.114635673076924
7.099570765882644
1.0861356730717058
7.336769147295674
1.780765883456612
1.775413567307678
1.0861356647290457
12.678541356647088
1.080926552454327
1.6122982619390966
12.657654135673077
15.435707692284733
10.11476923076923
1.0862658918211843
10.114635673076924
1.0809265891826922
9.90054269230768
15.66542692284737
10.114635664729567
1.0861353391821127
12.892769228473696
15.457076922868236
7.336769230769195
1.0862655579326923
12.887426922845279
10.114635673071707
1.780769230769198
12.886833333926557
15.670769230769196
4.345076923076923
12.89276555793268
15.43564892692308
12.892765521204328
7.331426589108448
1.78076923076923
15.670769138030106
1.086265891826923
4.344542692307678
12.892769230716913
9.901076588347957
7.1763980728830346
12.892635673071705
7.101707692307679
15.456541356638109
12.886891353020872
1.0862692307679265
9.900542692284507
10.11476923076923
7.336765891618223
1.7412614149572776
7.1017076922868245
4.552839265891827
7.176199327216371
1.0861356730767926
12.892765891826922
15.457076923071185
1.0803926913811353
12.892765891821705
10.114765557911824
10.114635672868225
15.670622316389478
10.114635663894832
15.433570769138111
4.3444892691472905
4.558769230769231
1.7807658915973694
1.0862655208704095
15.670635663802084
12.678542692307119
7.099570622316473
12.89276589182678
12.88683926923071
12.657707655570146
7.101707692284718
15.45706353024541
15.43357076913802
4.558635673071184
4.552892692307692
1.0862692307118427
4.55876552083337
10.109426922847371
15.670769147295669
1.0809135339182678
4.321356542692308
15.66542692284737
1.0862658825613525
4.553426555709587
15.435706208334818
1.7748926923071129
10.109426913802093
12.679076923076924
15.67076923076778
1.335579410416725
12.892769138948319
7.336769129353129
1.0809269147295673
12.657654122317307
15.11653244180439
4.55342692307692
15.670635673071706
7.336769230767926
1.086135339182169
9.901062228391595
9.87970769230768
1.7807655570979555
15.670635663894775
1.7807692307691945
1.0862658918267796
7.101707655579323
7.336765524541183
15.433565426922865
4.345062098163895
1.0861356730767782
12.65770769138948
15.435706356730766
10.109426923076779
12.886833392692306
15.670769189373924
12.892769230769199
15.433570622317308
12.892765891618225
15.327988439559912
15.670622316389483
12.655356541356731
7.336635305790975
4.321570769138022
4.558765557014274
12.679076922866344
7.3367655208370435
10.114635664729045
15.43570765557098
4.558635302454327
4.321357076913802
10.114769230711321
1.086122317307113
9.33928942555568
7.101707692307693
4.323707692307692
9.87733357076923
15.66541356730769
4.250176612639413
10.114281512194925
15.670620833334812
7.101707658825521
7.095919564806667
1.0803913530245413
10.109426589161824
1.086122316389483
12.892765891821128
4.323706356730712
1.0803339265891827
15.004079199627265
10.114635673076924
12.655570620833483
12.679063567284738
4.552892658918217
10.11462098173077
15.670622316380218
12.887426588347955
4.3215706353383485
12.887413530207931
7.12307691389478
1.0861208347838347
12.892622316472899
15.433565426552082
15.433333356541208
1.080913567307678
10.114769230717057
12.657706356638021
9.877333357062085
1.7807655245409506
4.345076589182119
7.331426923071693
4.553426589159737
9.877335706356638
15.45706356730717
14.93142797026573
15.67062083481638
15.670635673071184
1.774839265520837
1.0861208334816472
4.345076588256136
1.7748339269147295
7.123076922868239
12.679076913802175
7.1230765891618235
10.11462231638021
7.336765557932678
15.457076914708699
4.558765521204096
15.456542655245409
4.558757465804565
15.670769138030106
15.457076914708699
1.0861209817284505
10.114620848163895
7.099570620833333
4.558765557909505
12.655335706222804
10.10883339265558
12.655333357076923
12.655333333357078
1.7807655208704118
1.086135673076923
4.321570635663802
7.336769230711843
12.657706223163803
4.552833333926589
12.65770622316381
12.655333570635673
7.336620848163802
15.4570620981638
1.7807692286771615
7.336765521204096
4.323706223163894
12.89262083333478
12.892769230767925
4.558620833333348
9.877570769147296
15.670765524541178
1.7807692307170566
1.7807692307112633
10.114620981730768
15.66483392691381
7.336765557904239
4.558769230767926
10.114765520869597
1.0862689428811376
15.457076914729566
1.0803333926589183
12.655570769138949
9.877333335706208
1.0862658834795542
7.099333333356542
6.7586828851975564
10.114620833348164
1.0862691472899342
1.0803333392655579
10.114622317307171
4.3213333333335715
1.780769230767783
7.336620833481639
12.657706356638021
7.0993357062083335
15.664892692284525
4.558769230711842
15.670765520833333
15.664833926922848
4.3213570769147065
9.877335706356646
15.433333333570625
12.655335707692307
4.321333357076923
9.59797127818812
1.7754265557909505
9.877570769230712
1.086269230711269
12.655357062084816
1.7807658825530104
1.7748926552083706
7.3308926589159515
1.7806208333334816
7.330833926589159
15.433335654269229
7.330833392692287
12.655357076922845
9.877565412098164
1.080333392658916
12.892620833333348
12.65533357076552
15.435706209817289
4.32135706356638
15.433333333357075
4.321570620833482
1.780769138021761
7.099333333570766
15.433333333335657
12.655335706208334
15.433333335706209
7.123076923076778
12.679076913802083
15.433570765524541
10.108833339265521
10.108833926552084
15.433335706208334
12.657706223163803
7.099570635672867
7.101706209817307
9.877335706208333
7.099333333333334
12.892620833333336
10.109426922868225
9.901062083333333
10.108833333339266
7.099333357063567
15.4357062231638
4.321333333357062
4.321333570769148
7.336769147289877
12.892620833481732
7.099335706208348
4.3213333333335715
3.8013201537583425
7.336507865675668
4.553426922845075
4.321335706208334
9.877335706208333
1.7806208348164732
9.877333333570622
4.558765521204096
12.655333335707656
7.319584381462204
15.664833926552081
15.67063566381135
9.877264699557433
4.321333335707659
7.336620833333349
15.433333333357064
15.433357062083479
4.321333333570621
9.877333333333551
7.095737538781032
7.0993333335706215
15.433333333333332
12.657706208333334
15.427389066005901
12.655335707691474
15.43335513680131
7.099333333357063
15.435706223163805
7.123062231647291
4.55289265524541
12.657706208333334
12.679076914728988
9.87733333570621
4.345062083333334
15.43333333333357
15.457062083333335
9.64706986771669
12.657706201869752
9.877570620833483
9.87733333333357
9.877333333333334
7.099333333333357
1.0669441589310167
4.321333335707655
15.433333333335707
4.3213333333333335
7.099333333333334
4.552833333333334
9.877333333335708
7.0993357062231635
9.877333335706208
12.886833333333334
4.321335706208481
12.655335706223164
9.901062083333333
12.655333333333335
12.655355130385043
7.099333570620834
15.433333357062082
7.336620833333333
7.099333333333334
4.3213333333333335
7.099333333333357
15.433333333333332
9.877333333333334
4.321333570620833
15.433333333333332
12.655333333333335
15.43333333333357
4.3213333333333335
15.433333333333332
12.655333333333335
12.369259399393314
15.433570620833331
15.43333333333357
15.433333333333332
15.433333333333332
9.877333333333334
15.433333333333332
4.321333333333551
4.3213333333333335
9.877333333333334
12.655333333333335
9.877333333333334
4.3213333333333335
4.3213333333333335
4.3213333333333335
7.099333333333334
7.099333333333334
9.877333333333334
15.433333333333332
7.099333333333334
