55724
49448
50505
73463
41805
160331
34870
163793
55073
64797
54244
44575
41027
37765
41855
42793
109140
44755
156040
32403
42555
40853
42603
47611
42224
38447
47734
58098
37444
30722
34770
26970
44369
39941
49996
59918
38545
26018
56800
73201
29858
57788
45681
38794
154985
48926
37057
63401
28296
56879
28889
34082
36562
38317
65147
36712
78887
32714
23919
33461
59908
61751
31191
38669
44143
36109
28342
40113
32251
35236
34712
43266
28580
28004
35600
32131
27939
47220
22694
31854
40023
37249
25612
31325
31187
79550
31641
23037
36320
41739
40444
31346
31814
30758
22427
34849
31789
23066
39740
22795
49798
63363
29188
28337
26661
24374
25155
21447
33133
23201
39480
24812
24835
20351
32256
23571
26425
40740
20515
25278
25397
30656
27156
25061
28166
27487
25058
25373
34399
22944
23146
33212
29515
24118
27252
27083
26762
23428
29449
21755
18847
20739
24448
37535
29016
30111
18891
32694
21131
29305
24934
19363
29756
21446
27729
31077
26191
21313
25598
20786
26921
20623
18527
25066
21439
23119
33593
18854
34612
22002
27314
23844
29642
43707
23009
21454
21908
25538
26428
22363
22708
25395
21537
41522
27614
24757
22729
16807
30722
21024
18579
17284
20577
18458
34971
20727
16304
17312
21948
17234
22840
25875
19346
19452
24559
17681
31698
22333
17220
18875
20866
16041
25472
17546
20234
18333
19206
23802
18555
16350
21231
26737
17674
20479
20135
18661
18154
17832
20338
18150
14998
23610
15943
18647
14364
16594
17077
18732
18003
18029
15857
15108
18947
17323
23002
17681
18913
22804
16888
16475
22232
16422
19246
15481
13885
16767
19756
17489
23528
15538
15819
18348
15830
14747
18935
14772
16569
14795
14894
19653
15674
16651
16644
16330
12120
17341
21295
16703
18735
15486
15777
16195
15272
15216
23067
13848
13482
16337
13776
11815
13609
15169
16184
14506
15448
14841
12749
15201
15116
14397
13794
14349
13713
14040
15233
13198
17167
16681
13922
11927
14532
14425
13828
15573
12323
17220
14532
13981
15550
14411
13609
14931
13402
13828
13369
12608
12045
14978
12339
12132
15342
13143
16344
13502
13127
16262
11872
15231
13094
12167
13335
13548
15390
13889
13715
12690
12333
13718
12204
12850
11796
11905
14472
13251
12719
12694
11611
15070
13381
14550
13870
12608
12930
12061
12947
12048
12768
12849
12319
12696
13867
12786
12653
11956
13936
12311
12087
13578
12619
14391
12145
12900
11193
11874
11373
11205
12371
12027
12418
11010
11598
12203
11377
11737
10320
13995
12892
12992
12991
11936
13002
12238
11683
11995
10827
11588
11951
10918
12763
10441
12160
11297
12389
11704
13051
11548
11817
12872
10976
11422
10608
10460
11518
10912
11554
11367
10823
10918
9766
11142
11587
10950
11225
12878
10300
12000
10503
10851
11336
10481
11684
11367
10544
11018
10022
10879
11569
10683
11041
13742
11102
10471
11556
12855
9783
9927
9854
9457
11070
10378
11054
10859
10715
9405
13716
10205
11344
10701
9947
9214
10333
12201
11191
9961
9896
11733
11116
9688
10830
10128
9969
9881
9487
8916
10049
10069
10049
11237
10211
9056
9148
10253
10126
10484
9929
10424
11172
9037
10557
10367
