-41704.0
-35954.0
-36855.0
-54745.0
-30270.0
-122531.0
-24381.0
-128933.0
-40764.0
-47650.0
-39791.0
-33633.0
-29940.0
-26694.0
-28508.0
-30616.0
-81351.0
-32287.0
-123323.0
-22065.0
-32522.0
-30218.0
-27990.0
-34113.0
-31647.0
-27449.0
-35633.0
-41445.0
-26193.0
-20599.0
-24528.0
-18984.0
-31916.0
-28734.0
-36269.0
-38301.0
-27536.0
-16859.0
-43125.0
-52189.0
-20467.0
-44137.0
-32896.0
-27271.0
-118291.0
-35988.0
-25050.0
-47294.0
-18348.0
-42153.0
-19754.0
-23220.0
-25344.0
-25976.0
-43796.0
-24570.0
-54333.0
-23332.0
-15538.0
-22959.0
-40832.0
-44626.0
-21371.0
-27853.0
-31817.0
-24904.0
-19338.0
-28766.0
-22098.0
-23630.0
-24876.0
-29188.0
-19394.0
-18749.0
-24342.0
-22173.0
-18957.0
-32555.0
-14465.0
-20622.0
-25127.0
-26280.0
-15914.0
-21197.0
-21773.0
-55987.0
-19425.0
-14953.0
-24858.0
-29288.0
-28038.0
-20899.0
-22335.0
-18260.0
-13974.0
-23604.0
-20962.0
-13950.0
-25645.0
-14618.0
-35423.0
-42869.0
-20621.0
-17735.0
-17520.0
-14796.0
-16031.0
-12475.0
-23328.0
-13085.0
-28053.0
-16191.0
-16036.0
-11966.0
-20057.0
-15441.0
-15976.0
-28784.0
-12341.0
-15886.0
-16807.0
-20673.0
-16622.0
-15231.0
-18462.0
-17422.0
-16202.0
-15684.0
-23531.0
-13477.0
-15262.0
-20900.0
-18659.0
-16054.0
-17890.0
-17849.0
-18042.0
-14438.0
-19320.0
-13792.0
-10036.0
-12306.0
-15502.0
-25521.0
-18241.0
-18989.0
-10769.0
-21442.0
-13385.0
-19301.0
-16602.0
-11234.0
-20226.0
-12945.0
-18109.0
-21172.0
-17032.0
-12351.0
-16240.0
-12531.0
-16340.0
-11902.0
-11142.0
-16218.0
-13092.0
-14539.0
-22256.0
-11444.0
-23720.0
-13587.0
-17895.0
-15187.0
-19054.0
-28974.0
-14055.0
-13200.0
-13510.0
-15380.0
-15940.0
-14098.0
-12622.0
-15291.0
-13113.0
-26761.0
-17938.0
-15932.0
-14336.0
-9403.0
-20515.0
-12325.0
-11182.0
-10271.0
-12222.0
-10997.0
-23581.0
-11936.0
-9209.0
-8486.0
-12952.0
-9771.0
-14569.0
-16525.0
-11153.0
-11709.0
-14239.0
-9964.0
-19218.0
-13540.0
-9567.0
-11217.0
-12292.0
-8780.0
-16736.0
-9869.0
-11582.0
-10646.0
-11471.0
-15195.0
-10478.0
-8921.0
-12451.0
-18534.0
-9990.0
-12761.0
-11410.0
-10431.0
-9577.0
-10069.0
-12586.0
-10055.0
-7903.0
-14652.0
-8203.0
-10876.0
-7743.0
-9842.0
-10019.0
-10710.0
-10670.0
-9459.0
-8987.0
-7511.0
-10713.0
-9354.0
-13423.0
-10788.0
-11292.0
-13352.0
-9081.0
-8544.0
-13418.0
-8925.0
-11404.0
-8895.0
-7078.0
-8599.0
-10765.0
-10041.0
-14628.0
-8524.0
-8189.0
-10171.0
-8163.0
-8271.0
-10110.0
-7901.0
-8723.0
-8044.0
-7222.0
-11520.0
-7918.0
-8312.0
-9044.0
-8746.0
-5858.0
-9747.0
-11662.0
-9579.0
-10285.0
-7641.0
-7352.0
-8938.0
-8043.0
-7838.0
-12797.0
-6735.0
-6675.0
-8564.0
-6953.0
-5615.0
-6820.0
-7963.0
-8802.0
-7848.0
-8220.0
-7850.0
-6173.0
-7572.0
-7480.0
-7084.0
-6777.0
-7230.0
-6997.0
-7029.0
-8356.0
-5982.0
-7830.0
-8183.0
-6318.0
-5495.0
-8252.0
-7286.0
-6284.0
-7951.0
-5732.0
-8701.0
-7476.0
-7369.0
-8639.0
-6986.0
-6930.0
-7848.0
-6258.0
-6930.0
-6255.0
-5683.0
-6208.0
-7490.0
-6159.0
-5884.0
-8070.0
-6550.0
-8501.0
-6449.0
-6119.0
-8595.0
-5623.0
-7634.0
-6592.0
-5803.0
-6992.0
-7070.0
-7834.0
-5754.0
-6733.0
-6807.0
-5552.0
-5623.0
-5282.0
-5541.0
-5460.0
-5673.0
-6629.0
-6193.0
-5510.0
-5469.0
-5137.0
-6928.0
-6510.0
-6996.0
-6472.0
-6019.0
-5892.0
-5655.0
-4598.0
-5795.0
-6076.0
-5561.0
-4756.0
-4972.0
-6644.0
-6325.0
-5543.0
-5549.0
-6659.0
-5855.0
-5233.0
-5031.0
-6025.0
-6940.0
-5755.0
-6023.0
-5049.0
-5535.0
-4525.0
-5030.0
-5456.0
-5489.0
-5674.0
-4933.0
-5102.0
-5345.0
-5033.0
-5003.0
-4392.0
-5920.0
-5956.0
-5446.0
-5205.0
-5532.0
-5858.0
-5665.0
-5015.0
-5158.0
-4437.0
-4722.0
-5285.0
-4982.0
-6264.0
-4244.0
-5165.0
-4625.0
-5521.0
-5332.0
-5902.0
-4981.0
-5169.0
-5623.0
-4766.0
-4125.0
-4347.0
-4537.0
-4072.0
-5059.0
-5199.0
-4910.0
-4749.0
-4555.0
-3938.0
-5005.0
-4355.0
-4358.0
-4621.0
-5464.0
-4223.0
-5063.0
-4485.0
-4676.0
-4979.0
-4134.0
-4634.0
-3992.0
-4853.0
-4070.0
-4003.0
-4618.0
-4521.0
-4762.0
-4362.0
-5962.0
-4736.0
-4379.0
-5056.0
-4834.0
-4083.0
-4463.0
-3897.0
-3871.0
-4495.0
-4405.0
-4151.0
-4270.0
-4429.0
-3788.0
-5590.0
-4298.0
-4470.0
-4413.0
-4113.0
-3430.0
-4438.0
-4754.0
-3707.0
-3790.0
-4040.0
-4692.0
-4609.0
-3382.0
-4355.0
-3903.0
-4273.0
-4121.0
-3766.0
-3428.0
-4285.0
-3758.0
-4151.0
-4754.0
-4312.0
-3451.0
-3557.0
-4043.0
-3743.0
-4570.0
-3769.0
-4042.0
-4256.0
-3580.0
-4124.0
-4086.0
