10.31925925925926
9.157037037037037
9.352777777777778
13.604259259259258
7.741666666666666
29.690925925925924
6.457407407407407
30.332037037037036
10.198703703703703
11.999444444444444
10.045185185185185
8.25462962962963
7.5975925925925925
6.993518518518519
7.750925925925926
7.92462962962963
20.211111111111112
8.287962962962963
28.896296296296295
6.000555555555556
7.8805555555555555
7.5653703703703705
7.889444444444444
8.816851851851851
7.819259259259259
7.119814814814815
8.839629629629629
10.758888888888889
6.934074074074074
5.689259259259259
6.438888888888889
4.9944444444444445
8.216481481481482
7.396481481481482
9.25851851851852
11.095925925925926
7.137962962962963
4.818148148148148
10.518518518518519
13.55574074074074
5.529259259259259
10.701481481481482
8.459444444444445
7.184074074074074
28.700925925925926
9.06037037037037
6.8624074074074075
11.740925925925925
5.24
10.533148148148149
5.349814814814815
6.311481481481482
6.770740740740741
7.095740740740741
12.06425925925926
6.798518518518518
14.608703703703704
6.058148148148148
4.429444444444444
6.196481481481482
11.094074074074074
11.43537037037037
5.776111111111111
7.160925925925926
8.17462962962963
6.686851851851852
5.248518518518519
7.428333333333334
5.972407407407408
6.525185185185185
6.428148148148148
8.012222222222222
5.292592592592593
5.185925925925926
6.592592592592593
5.950185185185185
5.1738888888888885
8.744444444444444
4.202592592592593
5.898888888888889
7.411666666666667
6.897962962962963
4.742962962962963
5.800925925925926
5.7753703703703705
14.731481481481481
5.859444444444445
4.266111111111111
6.725925925925926
7.729444444444445
7.489629629629629
5.804814814814815
5.891481481481481
5.695925925925926
4.153148148148148
6.453518518518519
5.886851851851852
4.271481481481482
7.359259259259259
4.2212962962962965
9.221851851851852
11.733888888888888
5.405185185185185
5.247592592592593
4.937222222222222
4.513703703703704
4.658333333333333
3.9716666666666667
6.135740740740741
4.296481481481481
7.311111111111111
4.594814814814815
4.599074074074074
3.7687037037037037
5.973333333333334
4.365
4.893518518518518
7.544444444444444
3.799074074074074
4.681111111111111
4.7031481481481485
5.677037037037037
5.028888888888889
4.640925925925926
5.215925925925926
5.090185185185185
4.640370370370371
4.698703703703703
6.370185185185186
4.248888888888889
4.286296296296296
6.1503703703703705
5.465740740740741
4.466296296296297
5.046666666666667
5.015370370370371
4.955925925925926
4.338518518518518
5.453518518518519
4.0287037037037035
3.4901851851851853
3.8405555555555555
4.5274074074074075
6.950925925925926
5.373333333333333
5.5761111111111115
3.4983333333333335
6.054444444444444
3.913148148148148
5.426851851851852
4.617407407407407
3.5857407407407407
5.510370370370371
3.9714814814814816
5.135
5.755
4.850185185185185
3.946851851851852
4.74037037037037
3.8492592592592594
4.9853703703703705
3.819074074074074
3.430925925925926
4.641851851851852
3.9701851851851853
4.281296296296296
6.2209259259259255
3.4914814814814816
6.40962962962963
4.0744444444444445
5.058148148148148
4.415555555555556
5.489259259259259
8.09388888888889
4.260925925925926
3.972962962962963
4.057037037037037
4.729259259259259
4.894074074074074
4.1412962962962965
4.205185185185186
4.7027777777777775
3.9883333333333333
7.689259259259259
5.113703703703703
4.58462962962963
4.209074074074074
3.1124074074074075
5.689259259259259
3.8933333333333335
3.4405555555555556
3.200740740740741
3.8105555555555557
3.418148148148148
6.476111111111111
3.8383333333333334
3.0192592592592593
3.205925925925926
4.064444444444445
3.1914814814814814
4.229629629629629
4.791666666666667
3.5825925925925928
3.602222222222222
4.547962962962963
3.274259259259259
5.87
4.135740740740741
3.188888888888889
3.4953703703703702
3.864074074074074
2.9705555555555554
4.717037037037037
3.2492592592592593
3.747037037037037
3.395
3.5566666666666666
4.407777777777778
3.436111111111111
3.0277777777777777
3.9316666666666666
4.951296296296296
3.272962962962963
3.7924074074074072
3.7287037037037036
3.455740740740741
3.361851851851852
3.3022222222222224
3.7662962962962965
3.361111111111111
2.7774074074074075
4.372222222222222
2.9524074074074074
3.453148148148148
2.66
3.072962962962963
3.1624074074074073
3.468888888888889
3.3338888888888887
3.3387037037037035
2.9364814814814815
2.7977777777777777
3.508703703703704
3.207962962962963
4.25962962962963
3.274259259259259
3.502407407407407
4.222962962962963
3.127407407407407
3.050925925925926
4.117037037037037
3.0411111111111113
3.564074074074074
2.8668518518518518
2.571296296296296
3.105
3.6585185185185187
3.238703703703704
4.357037037037037
2.877407407407407
2.9294444444444445
3.397777777777778
2.9314814814814816
2.7309259259259258
3.5064814814814813
2.7355555555555555
3.0683333333333334
2.7398148148148147
2.7581481481481482
3.6394444444444445
2.9025925925925926
3.0835185185185185
3.082222222222222
3.024074074074074
2.2444444444444445
3.2112962962962963
3.9435185185185184
3.093148148148148
3.4694444444444446
2.867777777777778
2.921666666666667
2.9990740740740742
2.828148148148148
2.8177777777777777
4.2716666666666665
2.5644444444444443
2.4966666666666666
3.0253703703703705
2.551111111111111
2.187962962962963
2.520185185185185
2.8090740740740743
2.997037037037037
2.6862962962962964
2.8607407407407406
2.7483333333333335
2.360925925925926
2.815
2.799259259259259
2.6661111111111113
2.5544444444444445
2.6572222222222224
2.5394444444444444
2.6
2.820925925925926
2.444074074074074
3.179074074074074
3.089074074074074
2.578148148148148
2.2087037037037036
2.6911111111111112
2.6712962962962963
2.5607407407407408
2.883888888888889
2.282037037037037
3.188888888888889
2.6911111111111112
2.589074074074074
2.8796296296296298
2.6687037037037036
2.520185185185185
2.765
2.481851851851852
2.5607407407407408
2.475740740740741
2.334814814814815
2.2305555555555556
2.7737037037037036
2.285
2.2466666666666666
2.841111111111111
2.4338888888888888
3.026666666666667
2.5003703703703706
2.430925925925926
3.0114814814814816
2.1985185185185183
2.8205555555555555
2.4248148148148148
2.2531481481481483
2.4694444444444446
2.508888888888889
2.85
2.572037037037037
2.539814814814815
2.35
2.283888888888889
2.54037037037037
2.26
2.3796296296296298
2.1844444444444444
2.2046296296296295
2.68
2.453888888888889
2.3553703703703706
2.350740740740741
2.150185185185185
2.7907407407407407
2.477962962962963
2.6944444444444446
2.5685185185185184
2.334814814814815
2.3944444444444444
2.2335185185185185
2.3975925925925927
2.2311111111111113
2.3644444444444446
2.3794444444444443
2.281296296296296
2.351111111111111
2.567962962962963
2.367777777777778
2.343148148148148
2.214074074074074
2.580740740740741
2.2798148148148147
2.2383333333333333
2.5144444444444445
2.336851851851852
2.665
2.2490740740740742
2.388888888888889
2.0727777777777776
2.198888888888889
2.1061111111111113
2.075
2.290925925925926
2.227222222222222
2.2996296296296297
2.0388888888888888
2.147777777777778
2.2598148148148147
2.106851851851852
2.1735185185185184
1.9111111111111112
2.591666666666667
2.3874074074074074
2.405925925925926
2.405740740740741
2.2103703703703705
2.4077777777777776
2.2662962962962965
2.1635185185185186
2.221296296296296
2.005
2.145925925925926
2.2131481481481483
2.021851851851852
2.3635185185185184
1.9335185185185184
2.251851851851852
2.092037037037037
2.294259259259259
2.1674074074074072
2.416851851851852
2.1385185185185187
2.1883333333333335
2.383703703703704
2.0325925925925925
2.1151851851851853
1.9644444444444444
1.9370370370370371
2.132962962962963
2.0207407407407407
2.1396296296296295
2.105
2.004259259259259
2.021851851851852
1.8085185185185184
2.0633333333333335
2.1457407407407407
2.0277777777777777
2.0787037037037037
2.3848148148148147
1.9074074074074074
2.2222222222222223
1.945
2.0094444444444446
2.0992592592592594
1.940925925925926
2.1637037037037037
2.105
1.9525925925925927
2.04037037037037
1.855925925925926
2.0146296296296295
2.1424074074074073
1.9783333333333333
2.04462962962963
2.544814814814815
2.055925925925926
1.9390740740740742
2.14
2.3805555555555555
1.8116666666666668
1.8383333333333334
1.824814814814815
1.7512962962962964
2.05
1.921851851851852
2.047037037037037
2.010925925925926
1.9842592592592592
1.7416666666666667
2.54
1.8898148148148148
2.100740740740741
1.9816666666666667
1.8420370370370371
1.7062962962962962
1.9135185185185186
2.2594444444444446
2.0724074074074075
1.8446296296296296
1.8325925925925926
2.1727777777777777
2.0585185185185186
1.7940740740740742
2.0055555555555555
1.8755555555555556
1.846111111111111
1.8298148148148148
1.7568518518518519
1.6511111111111112
1.8609259259259259
1.8646296296296296
1.8609259259259259
2.080925925925926
1.890925925925926
1.677037037037037
1.694074074074074
1.8987037037037038
1.8751851851851853
1.9414814814814816
1.8387037037037037
1.9303703703703703
2.068888888888889
1.6735185185185186
1.955
1.9198148148148149
