-21835.0
-25598.0
-23762.0
-24527.0
-19175.0
-21192.0
-26542.0
-21564.0
-19018.0
-24214.0
-30903.0
-24040.0
-17306.0
-18210.0
-23264.0
-17858.0
-17500.0
-17314.0
-19721.0
-18219.0
-16675.0
-14696.0
-16804.0
-14385.0
-14435.0
-11794.0
-12786.0
-11143.0
-14932.0
-10637.0
-12449.0
-13403.0
-13595.0
-17602.0
-11463.0
-11138.0
-17697.0
-11951.0
-12172.0
-15829.0
-12207.0
-9887.0
-11898.0
-11169.0
-16912.0
-12795.0
-12363.0
-11103.0
-10195.0
-10467.0
-13458.0
-12147.0
-11808.0
-9850.0
-10836.0
-12292.0
-9560.0
-17996.0
-8584.0
-9696.0
-14286.0
-9540.0
-8101.0
-8660.0
-9097.0
-9008.0
-9523.0
-10005.0
-8411.0
-8807.0
-8132.0
-9113.0
-7932.0
-9273.0
-8945.0
-15192.0
-7706.0
-8398.0
-8657.0
-7575.0
-8074.0
-8374.0
-7946.0
-8001.0
-7800.0
-8419.0
-9477.0
-6708.0
-6514.0
-8405.0
-6940.0
-8312.0
-6397.0
-14054.0
-7503.0
-6136.0
-7932.0
-73594.0
-8943.0
-7035.0
