14.893663853899488
10.11476914729553
4.553413567307678
10.109413567307119
7.336769230769231
1.0862658918217056
12.678542692286824
15.670769228682378
9.681155938753372
9.87965426923077
7.123062231730716
7.336635339161823
15.670769230767922
4.323648391223164
1.740997695162066
12.892635339182693
12.657654122317286
1.0803926923058975
7.336769230767923
9.901062097839183
1.7807692307679233
15.66489269228677
15.670622280579323
4.558769147295673
7.177457756426671
4.558765883479555
10.114635338347906
1.0862691389477956
15.670622317307169
1.080912084817307
7.336769230769231
7.336635672868239
4.55862084816473
1.0809265883479566
10.114769147282628
10.109413533918218
10.114765891618239
15.456542692307119
12.892765891595285
15.45706209783835
7.099333570288936
7.330833339265558
1.0803926914729567
15.665426922868239
12.887412231728684
12.655333570635673
15.457076589159737
7.336769138947739
4.558620834817307
4.323706209817285
1.7807692284507524
15.45707691470638
15.665426552086894
15.433570765891824
12.679076922845075
12.892620833333481
10.108839265891595
9.87733333333357
15.433570620833484
7.101707691380208
1.7806223172867661
9.877565412083333
7.3314265883456615
4.321570635663894
9.901076914728987
4.558635663802093
12.892620981728678
15.1697841237519
15.665426913802174
7.101706208348165
9.901062083333333
15.670635664728986
4.321357062231631
10.108892692307679
3.790149451913429
12.892765557911824
12.655335706208348
9.877333333333334
12.655333333335637
9.87733333333357
9.877570635673077
1.0803926922845284
15.433333570620835
4.558765557909505
9.877357062084783
12.655357076913802
1.7748333333333335
4.558620833333333
4.323706208333333
12.655565426913801
7.0993570620833335
4.226789969554484
15.433333333333332
9.879706208333335
9.879706208333335
15.433333333333332
15.433333333333332
7.716666666666666
4.3213333333333335
9.877333333333334
