1.99
1.6575925925925925
1.9827777777777778
1.935
1.7207407407407407
1.699814814814815
1.8074074074074074
2.0383333333333336
1.5803703703703704
1.5475925925925926
1.8027777777777778
1.7196296296296296
1.4035185185185186
1.6224074074074073
1.6414814814814815
1.3012962962962964
1.3988888888888888
1.405
1.4905555555555556
1.2535185185185185
1.3205555555555555
1.247037037037037
2.5257407407407406
1.2372222222222222
1.5342592592592592
1.337037037037037
1.027037037037037
1.030925925925926
1.1198148148148148
1.0648148148148149
1.165925925925926
0.9431481481481482
1.0351851851851852
1.0622222222222222
0.9003703703703704
2.464814814814815
1.3022222222222222
1.0766666666666667
1.114074074074074
1.8487037037037037
0.9879629629629629
0.9183333333333333
0.9466666666666667
0.9348148148148148
1.3588888888888888
1.1255555555555556
1.0946296296296296
0.9642592592592593
1.0025925925925927
1.1901851851851852
