10.114769229563056
4.558769138113582
4.323706353057932
12.892635664729568
10.108839135673076
1.7807658834795543
1.780769230769198
1.7806356728682389
9.903483493962337
4.553426922847313
10.109426923076924
1.086265891826923
4.558769230769198
10.11463530579327
12.610730782319386
1.780635663811358
7.331426923071706
15.457076922318658
10.109412231647296
12.892620981647292
10.114635672847314
12.678542692307692
10.114769138927397
1.780769230711321
12.606840334943302
4.55876923076923
15.664839135673072
7.331426589159508
15.45707692307692
12.679062231647297
4.558769230767796
4.558769147066121
12.657707692307692
1.0862692307692308
1.7807658910704187
1.0862692307112687
1.0861356730769198
12.887426923071184
10.109426914729045
4.345076589182692
12.679076922840947
15.670635672847368
1.7748926923071129
1.7748926552083706
1.0862692286771742
4.5587691389477385
15.66489265524541
15.67076914706612
7.122489269230712
4.558769147295673
1.0861356647295668
7.331426922845284
4.321333333335614
7.336635663811353
7.336622317286766
4.558769230767782
1.0861356728452838
7.09933335707659
4.345063567307678
10.114765521204328
4.323707691472899
10.114765521204328
10.108891356647291
10.108839269230717
7.123076923071691
1.7807655208704325
4.5586356638111285
15.4098730273108
1.0862655579118223
4.3450622316472955
12.655333333357062
4.3213333356541215
12.679062083300163
15.670769147295527
15.39680260248046
12.657706208348165
15.433357063567309
15.664833339269228
12.655570622317233
10.108892658915952
10.114620833333333
1.0862655208369598
12.886833333333339
9.877333333333334
9.87733357076552
9.900541208333333
12.655333333333356
4.321333333357062
9.877333333335708
4.321335706208348
7.099333570620834
9.868370748093861
12.655333333333335
9.877333333333334
7.123076552120409
7.099333333333334
4.321333570620833
4.3213333333333335
12.655333335706208
4.3213333333333335
