7.008148148148148
9.96
8.093518518518518
8.14925925925926
8.124629629629629
6.919444444444444
8.865925925925925
4.993148148148149
13.758888888888889
5.453333333333333
5.917777777777777
6.453518518518519
5.841851851851852
6.055185185185185
6.065740740740741
6.697962962962963
6.048703703703704
4.852962962962963
5.1627777777777775
4.257962962962963
5.224814814814815
4.571481481481482
6.370555555555556
5.167592592592593
5.541111111111111
4.91462962962963
4.9329629629629625
4.329074074074074
5.314629629629629
4.46037037037037
3.841666666666667
4.294074074074074
4.57962962962963
4.872962962962963
4.708888888888889
4.997037037037037
3.7468518518518517
3.4794444444444443
3.941851851851852
3.9877777777777776
4.221481481481481
3.658333333333333
3.7109259259259257
3.4385185185185185
3.6372222222222224
3.9075925925925925
3.5051851851851854
3.5675925925925926
3.8651851851851853
3.3775925925925927
3.218148148148148
3.609074074074074
3.4394444444444443
3.515740740740741
3.4116666666666666
3.9985185185185186
3.372592592592593
3.327962962962963
2.827962962962963
3.485925925925926
4.106851851851852
3.3053703703703703
3.433148148148148
2.932777777777778
2.8803703703703705
2.890185185185185
2.997777777777778
2.8405555555555555
2.9124074074074073
3.0355555555555553
2.936851851851852
2.9446296296296297
2.730185185185185
2.790925925925926
2.87
3.0014814814814814
2.9922222222222223
2.6866666666666665
2.7557407407407406
2.803148148148148
2.6485185185185185
2.6875925925925928
2.798703703703704
2.6081481481481483
2.739074074074074
2.745740740740741
3.15
2.464259259259259
2.6442592592592593
2.510925925925926
2.6424074074074073
2.5694444444444446
2.492962962962963
2.4851851851851854
2.590925925925926
2.5494444444444446
2.3805555555555555
2.4575925925925928
2.58037037037037
2.455
