37844
53784
43705
44006
43873
37365
47876
26963
74298
29448
31956
34849
31546
32698
32755
36169
32663
26206
27879
22993
28214
24686
34401
27905
29922
26539
26638
23377
28699
24086
20745
23188
24730
26314
25428
26984
20233
18789
21286
21534
22796
19755
20039
18568
19641
21101
18928
19265
20872
18239
17378
19489
18573
18985
18423
21592
18212
17971
15271
18824
22177
17849
18539
15837
15554
15607
16188
15339
15727
16392
15859
15901
14743
15071
15498
16208
16158
14508
14881
15137
14302
14513
15113
14084
14791
14827
17010
13307
14279
13559
14269
13875
13462
13420
13991
13767
12855
13271
13934
13257
