-647275.0
-564249.0
-442369.0
-806954.0
-310896.0
-481172.0
-442062.0
-705828.0
-448489.0
-774180.0
-822762.0
-558859.0
-418791.0
-619658.0
-770092.0
-531657.0
-471219.0
-337662.0
-251005.0
-439978.0
-624155.0
-340211.0
-458219.0
-736062.0
-425847.0
-257180.0
-677174.0
-458007.0
-568946.0
-643721.0
-214174.0
-531341.0
-543583.0
-785112.0
-324633.0
-600017.0
-432301.0
-220431.0
-703872.0
-609790.0
-567919.0
-332606.0
-190246.0
-380443.0
-176051.0
-322638.0
-551403.0
-182337.0
-533282.0
-501764.0
-413417.0
-643334.0
-144384.0
-212690.0
-544147.0
-210957.0
-418615.0
-233112.0
-480660.0
-232574.0
-383617.0
-534449.0
-236979.0
-270264.0
-187201.0
-355481.0
-169113.0
-713349.0
-356415.0
-507278.0
-306779.0
-436078.0
-245447.0
-228191.0
-111623.0
-139573.0
-178509.0
-471793.0
-238755.0
-171069.0
-339810.0
-156738.0
-381472.0
-436728.0
-188580.0
-258851.0
-536692.0
-300772.0
-227504.0
-221687.0
-135881.0
-204496.0
-230439.0
-230697.0
-217546.0
-106370.0
-206724.0
-124537.0
-531002.0
-404720.0
-192147.0
-267270.0
-156634.0
-228891.0
-146485.0
-188265.0
-121733.0
-88923.0
-75304.0
-459129.0
-214606.0
-220518.0
-177052.0
-240521.0
-170618.0
-143915.0
-150125.0
-385807.0
-155437.0
-185111.0
-63520.0
-120745.0
-120376.0
-142056.0
-79627.0
-135453.0
-335310.0
-204828.0
-229188.0
-80486.0
-139830.0
-237157.0
-106333.0
-169676.0
-68282.0
-174089.0
-143674.0
-217852.0
-424472.0
-137765.0
-191377.0
-62849.0
-186322.0
-64773.0
-125294.0
-134373.0
-95920.0
-161254.0
-157762.0
-212783.0
-189913.0
-94045.0
-90432.0
-84760.0
-227923.0
-134546.0
-61318.0
-256286.0
-221132.0
-129424.0
-115435.0
-92644.0
-63261.0
-108713.0
-112205.0
-49485.0
-142572.0
-144975.0
-118444.0
-120374.0
-66918.0
-79000.0
-135236.0
-204069.0
-84280.0
-61582.0
-117228.0
-187344.0
-103925.0
-64186.0
-108957.0
-127161.0
-52490.0
-106987.0
-44341.0
-123437.0
-124151.0
-78002.0
-84519.0
-78421.0
-55756.0
-71082.0
-93385.0
-46457.0
-110969.0
-98300.0
-89751.0
-107364.0
-54372.0
-78973.0
-56648.0
-102943.0
-51422.0
-71116.0
-209556.0
-59969.0
-101773.0
-114953.0
-40307.0
-149928.0
-64173.0
-121148.0
-48009.0
-82631.0
-53033.0
-61876.0
-96796.0
-105283.0
-127902.0
-175413.0
-50724.0
-60497.0
-87674.0
-49878.0
-153368.0
-97175.0
-81196.0
-143569.0
-107248.0
-48101.0
-53834.0
-50711.0
-130843.0
-33328.0
-39398.0
-43913.0
-111335.0
-79039.0
-39026.0
-83577.0
-156147.0
-126234.0
-42486.0
-47311.0
-124901.0
-96266.0
-41310.0
-43854.0
-68135.0
-71650.0
-48973.0
-39825.0
-53370.0
-90649.0
-68799.0
-47364.0
-113328.0
-51949.0
-50059.0
-42349.0
-50621.0
-43460.0
-42525.0
-37562.0
-32702.0
-44239.0
-69019.0
-76569.0
-32716.0
-39695.0
-88437.0
-89690.0
-87332.0
-37072.0
-41884.0
-47075.0
-84534.0
-37828.0
-48609.0
-48443.0
-75778.0
-35554.0
-84507.0
-38334.0
-95066.0
-53724.0
-81159.0
-42495.0
-35044.0
-35435.0
-36149.0
-42413.0
-47695.0
-35666.0
-34300.0
-79532.0
-59536.0
-69632.0
-37689.0
-35740.0
-32841.0
-87675.0
-38076.0
-34603.0
-53873.0
-62738.0
-70554.0
-46812.0
-41198.0
-26704.0
-44747.0
-37282.0
-56533.0
-40777.0
-30330.0
-75935.0
-87312.0
-64949.0
-35245.0
-74191.0
-29443.0
-35662.0
-36192.0
-84132.0
-37716.0
-61737.0
-42788.0
-39776.0
-31882.0
-65526.0
-34982.0
-36647.0
-32729.0
-28418.0
-35166.0
-38887.0
-34023.0
-45710.0
-33224.0
-67185.0
-36418.0
-33199.0
-49699.0
-53146.0
-27928.0
-133999.0
-48541.0
-62680.0
-33907.0
-30644.0
-72374.0
-52414.0
-50054.0
-31009.0
-59223.0
-27003.0
-32031.0
-36506.0
-27379.0
-29182.0
-28480.0
-30175.0
-53148.0
-51886.0
-54833.0
-31117.0
-29415.0
-28123.0
-59593.0
-55137.0
-69407.0
-28760.0
-28534.0
-33333.0
-71815.0
-26715.0
-29495.0
-51602.0
-30381.0
-66159.0
-28288.0
-27130.0
-23515.0
-139815.0
-70438.0
-31198.0
-27315.0
-46248.0
-29380.0
-27419.0
-26379.0
-29562.0
-27903.0
-31846.0
-55981.0
-349904.0
-180390.0
-117919.0
-59338.0
-51996.0
-32330.0
-25083.0
-34362.0
-32676.0
-222222.0
-55549.0
-27466.0
-58342.0
-68470.0
-31749.0
-111824.0
-31630.0
-85684.0
-39878.0
-31825.0
-28471.0
-31570.0
-25119.0
-57920.0
-77533.0
-55580.0
-31629.0
-48440.0
-50509.0
-28039.0
-135717.0
-27814.0
-26124.0
-57592.0
-38303.0
-51950.0
-50939.0
-25243.0
-46600.0
-28934.0
-25358.0
-49787.0
-42588.0
-25757.0
-31600.0
-390442.0
-54567.0
-40446.0
-59462.0
-86387.0
-25124.0
-30938.0
-70673.0
-495496.0
-47540.0
-1583881.0
-66259.0
-124903.0
-503569.0
-65629.0
-451533.0
-909981.0
-249901.0
-269892.0
-185113.0
-69611.0
-2606971.0
-1658296.0
-129797.0
-447029.0
-256331.0
-116302.0
-135476.0
-178909.0
-251043.0
-147478.0
-420924.0
-298340.0
-446870.0
-94187.0
-59384.0
-75499.0
-127398.0
-50997.0
-94331.0
-104720.0
-147654.0
-122436.0
-431646.0
-225658.0
-60861.0
-120421.0
-68342.0
-52381.0
-79229.0
-199626.0
-539390.0
-86536.0
-102703.0
-96606.0
-85974.0
-226695.0
-107070.0
-86696.0
-74978.0
