7.181666666666667
10.938518518518519
11.167592592592593
12.68074074074074
7.742407407407407
7.287962962962963
8.110555555555555
7.640925925925926
9.580555555555556
6.148518518518519
5.28574074074074
5.127592592592593
8.385555555555555
6.171481481481481
7.021481481481482
7.345370370370371
4.932592592592592
5.803518518518518
7.097222222222222
10.78888888888889
6.191666666666666
9.470740740740741
8.522407407407407
6.515555555555555
5.967407407407407
8.977777777777778
6.993518518518519
7.326296296296296
8.352222222222222
5.121296296296296
5.5851851851851855
5.728518518518518
6.831296296296296
5.058888888888889
13.456851851851852
17.04
6.267037037037037
4.997407407407407
8.244074074074074
12.888703703703703
7.066851851851852
9.936666666666667
9.311851851851852
6.604074074074074
7.317962962962963
7.1396296296296295
4.79925925925926
5.842962962962963
5.9292592592592595
9.793148148148148
5.613148148148148
5.178703703703704
5.45537037037037
9.788148148148148
5.179814814814815
4.67962962962963
23.765185185185185
27.427592592592593
5.529259259259259
8.749444444444444
6.592407407407407
22.61
5.419814814814814
8.79111111111111
5.680740740740741
5.407777777777778
17.482222222222223
5.923333333333333
6.351296296296296
6.32537037037037
5.542962962962963
57.27240740740741
6.079074074074074
44.985925925925926
7.856296296296296
6.227777777777778
6.657777777777778
13.436111111111112
15.591296296296296
20.102777777777778
51.00296296296296
47.376481481481484
33.65203703703704
91.83
57.642037037037035
79.2287037037037
17.594074074074076
60.431481481481484
13.001666666666667
42.431296296296296
29.616666666666667
23.363333333333333
24.49574074074074
33.949444444444445
11.209259259259259
60.76814814814815
21.445925925925927
80.55703703703703
10.862777777777778
36.901666666666664
