12.892768944907647
4.552892692307692
12.892769228473693
7.1230765882644835
9.901076922845279
12.679076589182692
1.0862655579326919
1.086265891826923
1.739759968971148
15.457076914729566
1.0862692307692308
12.892769138925363
15.670765891826921
7.336765891826923
9.6865837680604
12.892769230769233
10.109426589182693
15.670620799282693
12.887413567307117
15.457063567307676
12.887426922847371
15.67076923076923
10.114769228682393
9.879707691472955
15.302908387826935
15.670769228452837
10.10889269230768
1.0803926922867717
12.655570765882645
7.122542691472904
4.323706356730769
10.114620981647088
15.457076923071707
1.0862691389483172
9.879706221971713
12.892635673071705
7.336622317307691
15.670769147086986
15.670635664728986
12.89276589161824
12.89276922316788
7.099570769230718
1.0862658918216916
12.657654122316382
4.558769230716929
4.323707692307114
4.323706223163894
7.336620834817287
1.7807692307679264
15.670620978383477
15.670769138948316
15.4357062231638
12.892769147289869
12.657707692307692
1.0861356730767782
4.558635664729567
7.330833339269231
4.32135707655212
12.886892655579095
12.67906356638021
15.670620981728451
4.345076913802084
4.345076588347955
4.321357062098174
9.90054120848173
7.0993357062231635
12.892769138030104
6.82342728164298
12.655335706356732
7.336620834816472
15.664833339135338
9.901063567307114
15.433333357029369
1.7754265557932676
7.319634052312054
12.655333333333335
7.099333333333571
7.099570635664729
12.679062083333333
9.877357063566473
9.900542691389484
4.321333570620833
12.655333570620835
15.433333225299998
1.774833926589162
9.877333333357077
4.3213333333335715
15.670620833481639
4.3213333333335715
12.655333335706356
15.433333333335707
5.160399465905353
4.3213333333333335
4.321333357062083
9.877333333570636
7.099333333333334
9.877333333570622
9.877333333333334
7.099333333333334
15.433333333333332
