37587
69077
34859
44899
38332
36341
30428
35740
38382
41465
34272
31088
35412
35684
32505
63701
46669
39086
32827
36367
64778
44567
30684
34040
30024
25588
25534
25035
30023
26190
27818
53257
33435
32961
50461
36307
46445
19720
33740
37537
41152
25660
28589
24009
29933
26155
25910
26661
24203
22146
21664
29806
21209
28343
35913
30322
27999
18371
35065
21162
38668
152164
30025
41511
124191
104354
23521
23347
25835
37643
32049
29432
20078
237583
23975
33041
37467
249416
30501
32410
119859
28845
31649
39540
33049
459038
336354
110612
49722
59585
63434
202314
1080354
121207
284499
68186
178125
886726
363179
149281
