53.0087037037037
26.397407407407407
29.064814814814813
46.867407407407406
23.73203703703704
9.998333333333333
9.676851851851852
31.763333333333332
26.32814814814815
25.959444444444443
24.29111111111111
9.521666666666667
16.00037037037037
14.001851851851852
9.811851851851852
7.23
19.865185185185187
14.046851851851851
13.607777777777779
15.36648148148148
6.54537037037037
9.748148148148148
9.77
10.316296296296295
5.747962962962963
7.048703703703704
12.329444444444444
4.962777777777778
11.019074074074075
5.337777777777778
5.952962962962963
6.238148148148148
5.145555555555555
5.934074074074074
5.131296296296297
4.9312962962962965
7.017407407407408
5.3116666666666665
6.322592592592593
6.4618518518518515
7.007037037037037
4.547407407407407
5.014074074074074
4.94537037037037
4.555740740740741
4.755185185185185
5.131851851851851
4.942407407407408
4.057222222222222
5.350555555555555
5.532407407407407
4.448518518518519
5.360555555555556
4.5687037037037035
6.034259259259259
5.6883333333333335
4.784814814814815
3.9
3.634259259259259
4.155185185185185
4.223888888888889
4.058518518518518
4.567222222222222
3.3668518518518518
5.397962962962963
4.154814814814815
3.453148148148148
3.801851851851852
3.072037037037037
5.180740740740741
5.645
5.232777777777778
3.5896296296296297
5.166296296296296
6.447777777777778
3.7725925925925927
5.295
3.436111111111111
3.932037037037037
4.875555555555556
3.7274074074074073
5.682592592592592
6.13
4.226296296296296
3.674259259259259
4.033148148148148
5.035
3.2087037037037036
5.613148148148148
4.302407407407407
5.445185185185185
4.617407407407407
8.462592592592593
5.022777777777778
5.986666666666666
4.4094444444444445
6.061851851851852
4.639444444444444
4.9998148148148145
3.928888888888889
