72998
104470
113975
110603
223862
298662
105585
79408
73848
76032
87435
70710
60287
94485
37853
121819
68315
81703
65335
37232
81062
36341
46849
47993
40388
32066
44663
42367
30952
32380
32665
37302
39435
25877
44052
62279
21438
25427
29491
54197
34673
38508
28191
24698
32808
25645
27807
26464
19439
21146
22157
22875
23951
20727
33651
20732
24291
23742
22468
21894
25083
19134
18513
18442
17733
20849
17832
18150
17247
18935
19890
19916
16531
22493
18474
16061
21207
17991
18025
14673
19813
14392
17154
14809
18248
16483
14272
17306
18812
15365
16066
15531
14059
15723
13004
12888
13662
16883
16066
11668
