15.45707692307692
10.11476923076923
4.558769230769231
12.892769230769233
4.558769230769231
10.29670096673002
1.080926923076923
12.892768926944266
4.649864505807641
4.55876923076923
12.892769230769233
4.558769230769231
1.0862655579326923
4.558769147295673
13.120321674938893
7.331426923076924
7.336765891826923
7.3367692307692085
4.558769230769231
7.336769230769231
15.67076923076923
15.67076923076923
10.11476923071706
1.086265891826923
1.080926923076923
1.7807692307692307
4.55876923076923
12.892769228682392
7.336769230769231
10.114769138948319
7.336769230711843
1.0862692307691981
10.114769230770644
15.45707692307692
12.714322105048637
10.11476923076923
1.0862692307692308
12.892769230769233
4.558769230769231
1.7807692307692307
12.892765891821705
4.539180888809746
7.336769230767797
15.670620848172849
7.336769228473708
1.78076923076923
4.558769228452839
1.7807692307692307
1.0861223173076922
1.774833339269231
1.7807692307170597
10.109426923076924
4.558769745996999
15.67076923076923
15.457076923076789
10.114769228473708
15.67076923071706
12.886892692307114
7.336765891826923
10.11476923076923
4.558635673076923
7.336769147295674
7.12307692307692
15.670769230769196
10.109426914706404
12.679062098172846
10.108839269230769
12.886839269147291
9.879706209817307
7.336635664729554
4.558765557932692
1.0861208481647295
10.114765524543214
1.7748392691380304
6.560217763638027
4.32157062098173
1.071471897995059
12.655335706208348
1.0862692307513353
7.12307692307692
9.87970622316473
1.086269228450521
7.101706208333482
7.123062231647291
12.655333357062084
9.877333570635665
12.655333333357062
12.8926223163803
1.7807692307118423
9.877333333357061
12.655333333333335
7.101706208334816
12.679076552083334
7.330833392655208
9.877333333333565
1.0803912231638022
7.123062083333333
9.877357062083334
15.433333333333332
12.679062083333335
