-242893.0
-214143.0
-239018.0
-219171.0
-143168.0
-78164.0
-58762.0
-158781.0
-141836.0
-128925.0
-174982.0
-52022.0
-76079.0
-67879.0
-49428.0
-33189.0
-93188.0
-63113.0
-70334.0
-69372.0
-45152.0
-69509.0
-39410.0
-49920.0
-24047.0
-33781.0
-51796.0
-21891.0
-59166.0
-25141.0
-24704.0
-29476.0
-24160.0
-27080.0
-22643.0
-21160.0
-36315.0
-21659.0
-24656.0
-23398.0
-28823.0
-20655.0
-19878.0
-23198.0
-18751.0
-18951.0
-20566.0
-20368.0
-16159.0
-20493.0
-21146.0
-15566.0
-21446.0
-17631.0
-21184.0
-23744.0
-17057.0
-16306.0
-12514.0
-23399.0
-14344.0
-15868.0
-17485.0
-12817.0
-21914.0
-16787.0
-11992.0
-15034.0
-13072.0
-21414.0
-23694.0
-21524.0
-13397.0
-19092.0
-26090.0
-15424.0
-21844.0
-11754.0
-15490.0
-21393.0
-16016.0
-22125.0
-26918.0
-20500.0
-15929.0
-13710.0
-20022.0
-12009.0
-21298.0
-15734.0
-23531.0
-18740.0
-34769.0
-19629.0
-24209.0
-19350.0
-26663.0
-26591.0
-17095.0
-17979.0
