35560
40842
39521
31399
26767
33704
29702
25825
30516
34556
44805
28577
33019
34312
28743
27688
25215
27321
31202
23962
28168
27051
32898
27151
31190
27230
25905
25295
24063
24275
20715
21094
21536
22202
25370
23741
24455
20362
27720
27108
21193
19998
18040
22553
20433
18005
17946
18847
22882
22446
24015
21511
16955
19687
20516
17274
19614
16878
19685
19904
18857
16957
15813
16351
15494
17878
15893
15528
15685
17872
16347
15126
14825
15271
15041
15554
14865
15519
15342
14030
15642
13136
14176
14462
14164
15341
14425
14108
15729
12698
13897
14031
14276
14099
13998
11946
14165
14437
15181
13503
