6.5851851851851855
7.5633333333333335
7.3187037037037035
5.814629629629629
4.956851851851852
6.241481481481482
5.50037037037037
4.782407407407407
5.651111111111111
6.399259259259259
8.297222222222222
5.292037037037037
6.114629629629629
6.354074074074074
5.322777777777778
5.127407407407407
4.669444444444444
5.059444444444445
5.778148148148148
4.437407407407408
5.216296296296297
5.009444444444444
6.092222222222222
5.027962962962963
5.775925925925926
5.042592592592593
4.7972222222222225
4.684259259259259
4.456111111111111
4.49537037037037
3.8361111111111112
3.906296296296296
3.988148148148148
4.111481481481482
4.698148148148148
4.396481481481482
4.5287037037037035
3.7707407407407407
5.133333333333334
5.02
3.9246296296296297
3.703333333333333
3.3407407407407406
4.176481481481481
3.783888888888889
3.3342592592592593
3.3233333333333333
3.4901851851851853
4.2374074074074075
4.156666666666666
4.447222222222222
3.9835185185185185
3.1398148148148146
3.6457407407407407
3.799259259259259
3.198888888888889
3.632222222222222
3.1255555555555556
3.64537037037037
3.685925925925926
3.492037037037037
3.140185185185185
2.9283333333333332
3.0279629629629627
2.8692592592592594
3.3107407407407408
2.9431481481481483
2.8755555555555556
2.9046296296296297
3.3096296296296295
3.027222222222222
2.801111111111111
2.7453703703703702
2.827962962962963
2.7853703703703703
2.8803703703703705
2.7527777777777778
2.8738888888888887
2.841111111111111
2.598148148148148
2.8966666666666665
2.4325925925925924
2.625185185185185
2.678148148148148
2.622962962962963
2.840925925925926
2.6712962962962963
2.6125925925925926
2.912777777777778
2.3514814814814815
2.5735185185185183
2.598333333333333
2.6437037037037037
2.610925925925926
2.5922222222222224
2.212222222222222
2.623148148148148
2.6735185185185184
2.8112962962962964
2.5005555555555556
