-23588.0
-28046.0
-25652.0
-20553.0
-16040.0
-21957.0
-17281.0
-15765.0
-19580.0
-21834.0
-32256.0
-18136.0
-21071.0
-22186.0
-16925.0
-16552.0
-14971.0
-17125.0
-18803.0
-13565.0
-16966.0
-16367.0
-19907.0
-16716.0
-19706.0
-16678.0
-14526.0
-14911.0
-13016.0
-13910.0
-11162.0
-10762.0
-11156.0
-13005.0
-13752.0
-12092.0
-13418.0
-11200.0
-16223.0
-13851.0
-11310.0
-10710.0
-8764.0
-12546.0
-11038.0
-8844.0
-9190.0
-9245.0
-12834.0
-12689.0
-13042.0
-11449.0
-8834.0
-9151.0
-8681.0
-8197.0
-9120.0
-8167.0
-9484.0
-9652.0
-7913.0
-8067.0
-6963.0
-7731.0
-7110.0
-8441.0
-7369.0
-6731.0
-6981.0
-8588.0
-7209.0
-6790.0
-6748.0
-6439.0
-6479.0
-7226.0
-6252.0
-7323.0
-6903.0
-6544.0
-6594.0
-5735.0
-5836.0
-5439.0
-6190.0
-5553.0
-5334.0
-4801.0
-6521.0
-4848.0
-5359.0
-5598.0
-6130.0
-4960.0
-5664.0
-4762.0
-5502.0
-5236.0
-5232.0
-5327.0
