6.470370370370371
6.867037037037037
6.685
6.739074074074074
5.769444444444445
6.283703703703703
7.46962962962963
6.258333333333334
5.682777777777778
6.999444444444444
8.183703703703705
6.785555555555556
5.247222222222222
5.615185185185185
6.609074074074074
5.456666666666667
5.4725925925925925
5.273888888888889
5.831851851851852
5.318148148148148
4.858518518518519
4.587037037037037
5.846666666666667
4.667592592592593
4.605555555555555
3.9564814814814815
4.013703703703704
3.887777777777778
4.899814814814815
3.869074074074074
4.188518518518518
4.378888888888889
4.591851851851852
5.304814814814815
4.044444444444444
4.249074074074074
5.522777777777778
4.056851851851852
4.192407407407408
5.273333333333333
4.230925925925926
3.6757407407407405
4.093518518518518
3.8777777777777778
5.217777777777778
4.115
4.248703703703704
3.837037037037037
3.6566666666666667
3.805740740740741
4.437407407407408
4.217592592592593
3.9996296296296294
3.772037037037037
4.413888888888889
4.429444444444444
3.942037037037037
5.622407407407407
3.4316666666666666
3.4651851851851854
5.172962962962963
3.5814814814814815
3.237962962962963
3.2435185185185187
3.6083333333333334
3.443888888888889
3.546111111111111
3.714074074074074
3.7020370370370372
3.4624074074074076
3.1442592592592593
3.495185185185185
3.21
3.6512962962962963
3.3753703703703706
4.975555555555555
3.2220370370370373
3.3405555555555555
3.5207407407407407
3.1840740740740743
3.4811111111111113
3.267037037037037
3.3092592592592593
3.276111111111111
3.2816666666666667
3.6333333333333333
3.8803703703703705
2.8848148148148147
2.89962962962963
3.428148148148148
3.0453703703703705
3.162962962962963
2.8824074074074075
4.572777777777778
3.2024074074074074
2.8072222222222223
3.215925925925926
17.571296296296296
3.762777777777778
3.0114814814814816
