34940
37082
36099
36391
31155
33932
40336
33795
30687
37797
44192
36642
28335
30322
35689
29466
29552
28479
31492
28718
26236
24770
31572
25205
24870
21365
21674
20994
26459
20893
22618
23646
24796
28646
21840
22945
29823
21907
22639
28476
22847
19849
22105
20940
28176
22221
22943
20720
19746
20551
23962
22775
21598
20369
23835
23919
21287
30361
18531
18712
27934
19340
17485
17515
19485
18597
19149
20056
19991
18697
16979
18874
17334
19717
18227
26868
17399
18039
19012
17194
18798
17642
17870
17691
17721
19620
20954
15578
15658
18512
16445
17080
15565
24693
17293
15159
17366
94885
20319
16262
