50660
43276
35767
45862
39855
36119
27230
32151
39734
28589
33568
34291
26270
31229
32813
31261
25561
25460
27974
30494
25083
34908
34713
27356
30103
22463
24766
27339
25768
24701
25855
32256
26951
26104
25682
38964
28447
23023
23173
23015
24764
21933
20131
22411
20650
20391
22184
21987
20241
24621
20027
22506
23543
20902
195455
19717
22153
20341
20046
28940
36872
27119
21214
26369
34214
34872
26358
26122
52850
28018
49871
31827
34326
32900
29667
61344
28867
33028
51089
41062
68049
31041
31609
22913
25738
35219
28920
29706
26631
34015
28221
32304
34659
23834
309376
95412
29680
35453
32589
28054
