15.651293814731707
15.457063533834589
15.670765891826921
10.114635339161826
10.11476923076923
1.7754269147295674
15.456542692307693
15.670765883479566
4.466660479302493
10.114765891618239
4.5587658916182265
12.657707692307692
12.892586960461738
12.892765557932114
12.589326415889936
4.345076923076923
10.109426923076924
1.7754269146537713
1.080926923076923
4.558635672867716
7.33676923071706
15.665426913894828
1.080392658918269
15.670769228682257
4.457511805883625
15.665412231730766
12.89276923071127
7.33663530579327
4.344541356730769
7.33663567284737
9.901063533826449
10.11476589182692
1.0809265891826922
10.114769230716929
4.345063530243798
10.10889265891827
12.67854269230768
12.892769230716931
7.33676923076923
1.0862658918267927
7.336764668910166
15.670635673076777
7.099570769230768
10.114765557932113
1.0862692307691981
1.0862692307691981
15.670765524543208
12.657707692307692
1.0862692307692299
10.108833926589162
4.558635663811149
1.0862691389477956
15.670765891808225
4.558769138020834
4.558769230716929
4.558769228452839
4.55862084816473
7.099333570769138
15.664892692307689
4.345076923071126
10.114769138020927
7.123063566381136
7.123063566380209
1.7806356638113523
4.323706208348164
15.457062083348166
15.670620833333334
4.243803255605655
7.336769228450521
4.321357063567307
4.321333333357076
15.664833926922848
7.330839265436952
14.892492790756506
1.7805004351487075
12.657707692284506
12.892620833333336
1.0803333333333929
1.7748926914653957
1.0861356647086466
4.558620981638031
15.457063566380208
7.099333333333571
1.7806208333333484
15.433333333333332
12.886833333333334
12.892620833334817
15.433335707691379
12.65533357076552
7.0993357062083335
12.655333333333335
7.170057472096252
12.655333357062084
9.877333333333334
7.716666666666666
15.433333333333332
4.3213333333333335
12.655333333333335
4.3213333333333335
9.87970620848164
