9.381481481481481
8.014074074074074
6.623518518518519
8.492962962962963
7.3805555555555555
6.688703703703704
5.042592592592593
5.953888888888889
7.358148148148148
5.29425925925926
6.216296296296297
6.350185185185185
4.864814814814815
5.783148148148148
6.076481481481482
5.789074074074074
4.733518518518519
4.714814814814815
5.180370370370371
5.647037037037037
4.645
6.464444444444444
6.428333333333334
5.065925925925926
5.57462962962963
4.159814814814815
4.586296296296296
5.062777777777778
4.771851851851852
4.574259259259259
4.787962962962963
5.973333333333334
4.990925925925926
4.834074074074074
4.755925925925926
7.2155555555555555
5.267962962962963
4.263518518518518
4.291296296296296
4.262037037037037
4.585925925925926
4.0616666666666665
3.727962962962963
4.150185185185185
3.824074074074074
3.776111111111111
4.108148148148148
4.071666666666666
3.7483333333333335
4.559444444444445
3.7087037037037036
4.167777777777777
4.359814814814815
3.870740740740741
36.19537037037037
3.6512962962962963
4.102407407407408
3.7668518518518517
3.712222222222222
5.359259259259259
6.8281481481481485
5.022037037037037
3.9285185185185183
4.883148148148148
6.335925925925926
6.457777777777777
4.881111111111111
4.837407407407407
9.787037037037036
5.188518518518518
9.23537037037037
5.893888888888889
6.3566666666666665
6.092592592592593
5.493888888888889
11.36
5.345740740740741
6.116296296296296
9.460925925925926
7.604074074074074
12.601666666666667
5.748333333333333
5.853518518518518
4.243148148148149
4.7662962962962965
6.522037037037037
5.355555555555555
5.501111111111111
4.931666666666667
6.299074074074074
5.226111111111111
5.982222222222222
6.418333333333333
4.413703703703704
57.29185185185185
17.66888888888889
5.496296296296296
6.5653703703703705
6.035
5.195185185185185
