-36319.0
-30139.0
-23138.0
-32243.0
-28017.0
-23324.0
-16527.0
-20312.0
-26069.0
-17908.0
-21316.0
-22465.0
-15566.0
-19952.0
-20651.0
-19121.0
-15639.0
-15066.0
-16860.0
-18738.0
-15689.0
-22381.0
-18949.0
-16348.0
-18216.0
-12211.0
-14651.0
-16382.0
-15413.0
-14178.0
-15795.0
-21041.0
-14721.0
-15325.0
-15550.0
-22397.0
-16863.0
-12175.0
-13150.0
-11289.0
-13460.0
-12397.0
-9831.0
-11988.0
-10833.0
-10854.0
-11256.0
-11919.0
-10263.0
-14635.0
-10384.0
-12131.0
-13537.0
-10397.0
-160505.0
-10306.0
-10697.0
-10486.0
-9866.0
-18132.0
-22220.0
-16569.0
-11048.0
-14675.0
-20045.0
-23043.0
-15241.0
-15665.0
-36873.0
-17224.0
-34515.0
-19097.0
-23492.0
-20609.0
-18663.0
-43658.0
-17759.0
-21228.0
-35163.0
-28635.0
-50057.0
-20029.0
-19004.0
-13062.0
-14979.0
-20588.0
-15403.0
-18389.0
-15529.0
-20310.0
-16793.0
-20506.0
-22725.0
-12845.0
-265769.0
-75135.0
-19022.0
-20956.0
-18931.0
-18154.0
