9.085555555555555
8.797222222222222
31.69425925925926
12.775
13.984814814814815
17.608703703703704
9.548518518518518
17.159074074074073
33.781851851851854
13.107962962962963
10.017777777777777
9.878518518518518
26.251666666666665
6.502222222222223
14.672222222222222
6.746111111111111
6.7481481481481485
13.199259259259259
7.247962962962963
10.230185185185185
14.30962962962963
8.011666666666667
18.13888888888889
10.255
8.569814814814816
7.443518518518519
5.561111111111111
6.345740740740741
8.095740740740741
7.545740740740741
7.821851851851852
9.792962962962964
6.756296296296297
4.827037037037037
13.054074074074075
5.147222222222222
9.090185185185184
6.254444444444444
9.358148148148148
14.338148148148148
22.291851851851852
6.847407407407408
6.6651851851851855
8.393148148148148
11.457592592592592
6.093333333333334
5.815
5.712592592592593
7.006296296296297
5.730185185185185
7.523333333333333
5.9238888888888885
7.94
5.226851851851852
4.662037037037037
6.823888888888889
9.471481481481481
6.816666666666666
5.252962962962963
10.928148148148148
6.342777777777778
5.6268518518518515
5.6177777777777775
6.170925925925926
4.642592592592592
6.559259259259259
6.5468518518518515
7.670555555555556
5.250925925925926
6.473518518518518
5.4853703703703705
6.578888888888889
4.283518518518519
6.45925925925926
5.762962962962963
5.580555555555556
6.480555555555555
6.920185185185185
4.145740740740741
5.641481481481481
5.158888888888889
6.442407407407408
7.868148148148149
5.573518518518519
4.329444444444444
5.578518518518519
4.803888888888889
6.115
4.305
4.9622222222222225
4.892777777777778
5.142407407407408
7.137222222222222
5.627037037037037
5.640925925925926
7.106481481481482
4.631481481481481
6.428333333333334
6.778333333333333
4.07537037037037
4.530555555555556
7.146851851851852
4.987592592592593
5.649074074074074
6.335
4.82
5.849259259259259
5.368333333333333
5.351296296296296
10.984444444444444
4.427962962962963
3.8935185185185186
6.982037037037037
3.049074074074074
4.902592592592592
5.209074074074074
7.544444444444444
5.133518518518518
3.7337037037037035
4.0525925925925925
4.2427777777777775
5.587962962962963
4.352962962962963
4.62037037037037
5.388148148148148
4.343518518518518
5.947222222222222
3.9253703703703704
4.397037037037037
4.874074074074074
5.130740740740741
5.337407407407407
5.101481481481481
4.901481481481482
4.107407407407408
4.919444444444444
4.361666666666666
3.8468518518518517
4.331111111111111
3.745740740740741
4.3335185185185185
4.526851851851852
4.139814814814815
4.439444444444445
3.7544444444444443
4.756296296296297
3.408148148148148
3.8046296296296296
4.835740740740741
3.8344444444444443
5.897962962962963
4.106296296296296
4.9094444444444445
4.470185185185185
4.3442592592592595
7.83
4.224259259259259
3.491296296296296
3.6551851851851853
4.012777777777778
4.767222222222222
5.162407407407407
3.9612962962962963
4.386111111111111
4.847037037037037
3.7574074074074075
4.117962962962963
3.780925925925926
3.9592592592592593
4.2588888888888885
4.243888888888889
4.463518518518518
3.8137037037037036
5.354444444444445
4.1755555555555555
4.0942592592592595
3.7425925925925925
4.497222222222222
4.695925925925926
3.886851851851852
3.734259259259259
3.946296296296296
3.995925925925926
4.722222222222222
3.8014814814814817
4.675
4.305
4.124259259259259
4.2407407407407405
4.333703703703704
3.6746296296296297
3.716111111111111
3.965925925925926
3.212962962962963
3.7444444444444445
3.7242592592592594
4.198888888888889
4.03574074074074
4.577407407407407
4.7774074074074075
4.053333333333334
3.563148148148148
3.5675925925925926
4.225555555555555
4.016851851851852
3.3294444444444444
4.405925925925926
3.594074074074074
3.9574074074074073
3.9501851851851852
3.765
4.177777777777778
3.6257407407407407
3.8585185185185185
4.36962962962963
3.9092592592592594
3.8087037037037037
3.7675925925925924
4.027037037037037
3.91537037037037
3.757222222222222
3.58037037037037
3.737222222222222
3.4124074074074073
4.017962962962963
3.367777777777778
4.052222222222222
3.55
3.7551851851851854
3.6661111111111113
3.9005555555555556
4.009814814814815
3.587222222222222
3.465
3.640925925925926
3.346296296296296
3.874814814814815
3.278888888888889
3.485
3.7911111111111113
3.8090740740740743
3.877222222222222
4.092777777777778
3.555925925925926
4.246666666666667
3.5094444444444446
3.511851851851852
4.126481481481481
3.4437037037037035
4.323888888888889
3.0412962962962964
4.576666666666667
3.846111111111111
4.003333333333333
3.024259259259259
4.053148148148148
3.6192592592592594
6.2101851851851855
3.8203703703703704
5.246851851851852
3.567037037037037
4.867407407407407
4.114444444444445
3.7303703703703706
3.9651851851851854
3.5768518518518517
5.299074074074074
5.678333333333334
3.4283333333333332
3.7685185185185186
3.5772222222222223
4.223148148148148
3.755925925925926
3.8024074074074075
4.062407407407408
4.350555555555555
4.670185185185185
3.810925925925926
4.121111111111111
4.161851851851852
3.6344444444444446
3.342037037037037
3.388888888888889
4.080555555555556
3.2935185185185185
4.391481481481481
4.070185185185185
3.4303703703703703
3.52
3.749814814814815
4.337037037037037
3.624814814814815
3.742777777777778
5.285
3.5216666666666665
4.114074074074074
2.8505555555555557
7.989629629629629
4.547037037037037
4.269444444444445
3.466666666666667
4.280925925925926
6.0835185185185185
4.025555555555556
3.984259259259259
3.267777777777778
5.5525925925925925
4.5377777777777775
4.602222222222222
4.99462962962963
3.5390740740740743
3.9164814814814815
4.8751851851851855
7.247592592592593
3.6133333333333333
98.46703703703703
6.601666666666667
5.53037037037037
10.47037037037037
4.744259259259259
3.9324074074074074
3.350740740740741
3.7112962962962963
4.476666666666667
4.57574074074074
3.5479629629629628
3.4227777777777777
5.276111111111111
3.7222222222222223
3.9807407407407407
3.5275925925925926
4.432592592592592
4.800185185185185
3.715925925925926
7.872407407407407
4.3190740740740745
4.215185185185185
5.645555555555555
5.854444444444445
4.736296296296296
5.027777777777778
3.888888888888889
4.057222222222222
3.9677777777777776
2.896851851851852
5.1594444444444445
5.416666666666667
5.803518518518518
3.9505555555555554
5.180740740740741
3.702962962962963
6.053148148148148
3.4714814814814816
7.656851851851852
12.111481481481482
3.938888888888889
4.554444444444444
4.170740740740741
4.899629629629629
4.325185185185185
3.718148148148148
3.552962962962963
4.890740740740741
5.538703703703704
4.748888888888889
3.7305555555555556
6.788333333333333
5.451481481481482
9.623888888888889
3.9053703703703704
4.7209259259259255
3.8896296296296295
6.726296296296296
6.9837037037037035
4.944814814814815
6.283518518518519
5.913333333333333
7.127407407407407
5.545740740740741
4.4131481481481485
4.579259259259259
3.8316666666666666
5.83925925925926
5.613703703703703
9.079444444444444
4.9222222222222225
12.147407407407407
8.621666666666666
4.476666666666667
10.028518518518519
4.404259259259259
3.772222222222222
4.267592592592592
9.117777777777778
12.440555555555555
14.371666666666666
7.043333333333333
10.566296296296295
8.683518518518518
4.456296296296296
5.727037037037037
5.693518518518519
8.772037037037038
3.5214814814814814
4.1375925925925925
8.032222222222222
4.2988888888888885
3.979074074074074
6.412222222222222
4.32962962962963
3.780740740740741
3.7274074074074073
4.522592592592592
5.292592592592593
4.938888888888889
5.214074074074074
5.5253703703703705
20.601666666666667
6.4003703703703705
4.769814814814815
3.3694444444444445
9.696111111111112
4.695555555555556
5.497037037037037
7.1066666666666665
6.097037037037037
8.283703703703704
4.4494444444444445
6.736481481481482
4.0744444444444445
6.157222222222222
5.017962962962963
6.665925925925926
4.527037037037037
4.971481481481481
6.313148148148148
4.534259259259259
4.784259259259259
4.163333333333333
4.57537037037037
24.58574074074074
5.880740740740741
9.691481481481482
6.779629629629629
3.8377777777777777
4.195185185185185
12.432407407407407
4.5724074074074075
6.401296296296296
9.917592592592593
165.60685185185184
7.87037037037037
7.254074074074074
4.957222222222223
5.9585185185185185
7.732777777777778
13.672777777777778
8.386111111111111
11.19111111111111
9.819074074074074
5.598148148148148
6.561111111111111
12.13111111111111
14.727592592592593
13.643888888888888
6.730925925925926
21.930185185185184
23.90111111111111
18.02574074074074
14.698148148148148
9.903333333333334
11.970925925925926
12.73537037037037
9.402962962962963
9.322777777777778
23.889074074074074
6.7444444444444445
5.221851851851852
5.662962962962963
17.834444444444443
6.9420370370370375
4.711481481481481
8.596666666666666
4.542407407407407
9.729814814814814
68.17759259259259
6.274629629629629
8.879814814814814
6.023518518518519
7.972222222222222
15.335925925925926
10.167037037037037
9.010185185185184
11.571296296296296
9.992592592592592
9.301851851851852
15.481666666666667
9.252407407407407
57.696666666666665
13.673703703703703
