15.67028926709096
10.108892692284508
4.345076922868239
1.7807655570958647
1.0862692307679265
9.877570769147296
15.435707692307693
4.344542692307693
9.882673461241456
15.670765520870429
1.7806223173071707
15.664839269228679
1.780635673076454
15.456489269230719
12.612024364419039
4.558769230717057
10.114765557932678
10.114769230767868
12.887426589182677
4.5587692307170595
7.123076913811358
4.553426923076923
12.88742692286824
1.0862692307691981
15.314718948388872
7.336635673071706
4.5587692307170595
9.90107658918268
12.657654269147088
7.336769230769231
1.780769230769198
1.7807692307692307
10.10883392691471
7.331413567286823
12.87346977223341
15.670769230767922
4.553413567307171
1.0809135673071186
12.89276589161824
15.670765891826921
1.7754265880442772
1.7748926914729555
15.670635672847368
4.5534122316472905
15.670769228450752
15.670635672868235
1.0862692307677961
15.457062231728685
1.0861356730717058
4.552892692307692
12.886833333926916
7.336769147289883
15.670769230717053
9.877357076923078
4.345076923071693
10.109426914708699
7.336769228682249
4.323707692286824
7.33676589182692
12.88742692286824
12.892769230717061
10.114635673076924
1.7807658916177176
4.553426914728988
1.086269230767923
7.123076923071184
4.558769138925356
4.4227422910256955
12.892765557097956
9.901063566472956
15.670765891826921
9.901062084817308
7.3367692306983
10.11463567307692
4.541189553928947
10.11476923071706
15.670769230767922
1.0862692307692308
4.323706356638111
10.109426913811358
4.558635664729567
15.67076923071184
7.1230769147295545
15.665426552454097
15.433570769230716
1.0803926923076923
12.892635673076924
7.331426922868227
4.553426552083705
12.892769230769199
1.7807691470660685
1.0580703640958167
1.780769138927449
1.0809269138947797
1.086269230767749
1.774891353057098
9.90107692284732
1.7807692307170597
4.55342655579327
7.1230769230767805
7.099570635339182
1.7807692307170597
1.780635339159737
12.89276914708699
10.11476589159737
7.101707658825615
15.67076923076923
9.901076923076781
4.552892655579327
1.0862692307692308
1.086135672845284
15.435707658825612
1.0809135673071184
7.33676923076923
7.33676923076923
8.984617289739795
12.89276589161824
4.558769228676652
1.0809269147295673
12.892769147289883
12.679076913802094
15.457063566472954
10.114765891618227
7.123076914729568
10.10941223164729
1.7807655208370434
10.114769147086989
7.336635663802085
12.886833913566473
15.665426923076922
12.892765557095865
12.892769230769195
7.123076922867659
1.7754269230769197
10.11476914729567
10.114635664729567
1.774833926589162
7.336622317307677
1.7807692286771744
12.657514215760873
1.0862692307170598
7.331412231638031
9.879707691472955
1.0862691470869892
1.780765891826923
4.323707692286824
11.3410496699045
15.456542655579096
7.336635672867717
4.344541356638031
10.109413567307692
9.900483392692287
4.558769230767796
7.336635673071127
12.655570765891067
7.173556599331441
15.67062231728453
1.0862692286822468
15.333434754767723
4.558769138021761
4.558769147290456
9.901063533918217
12.892765891597373
12.892769230769229
7.3366222839182695
4.558635339182692
1.0862655208704117
1.0861209817286823
4.321565426588264
1.7807691472955298
15.670622317286767
15.664839122317307
1.0861356730767924
7.336769147290457
15.457076923071133
10.114769138030109
1.775412098164729
7.123076923071184
4.558769147295673
1.080913567286824
10.114765891821706
12.89276555793268
1.0862692307170565
1.0861208478057098
1.7807658918269198
12.678542655245433
1.7806223173076918
15.670769147289883
12.892769147295672
15.664892692286822
1.7754269230767927
10.1088926914729
15.433357076552085
7.336620981638949
15.66489265882645
9.900542692307692
9.90107655579095
15.665426552454324
1.0860908373616835
15.665413566472898
1.775378018663984
7.1017076923071185
4.552833333913567
6.94144115603491
12.886833333392659
12.679076923071706
4.558769147295673
1.0862692307679231
7.336620834816381
4.558635673076923
4.321570622283835
15.457063566389484
15.665426588256134
7.12307655244598
7.099570765882552
12.892622316380209
7.336765891595053
10.114620833478392
15.670765557932674
10.114765891618239
15.670769138030101
7.3366208333481735
7.330839269230717
10.1094089962005
1.0803392692307692
10.114635672867717
1.086265891821132
12.602372127520137
10.114769138948304
15.67076914729554
4.558769147295673
7.336765891826792
10.114635673071707
7.336620848172845
7.099357076923077
7.336622280208334
12.892620981730767
4.558635339182679
1.7748392655245433
15.67076588255299
1.086269147289877
1.0861106206946802
12.892769230767783
10.114769230711843
10.114769228473694
15.457076923071133
7.158656556799485
1.7802843707241305
7.33089269230768
12.887412097839183
9.405404921106422
7.336769138113581
4.553426555790953
12.655570620833483
1.780765524543268
7.3366209817307695
12.892765524543211
7.097135874003382
15.457076552454328
12.892765521204097
4.3450622316472955
12.892622316472899
9.87735706223173
1.7754135673071185
1.0809265557911825
12.892765520833706
10.109413564279597
10.109426922868225
7.336620978391826
7.122483926923077
10.114765557909529
9.877570769230768
4.558622317307113
10.114765557932692
1.0862658918267796
9.877335706209816
4.321335707691389
10.114765557911824
1.7807691472904559
1.0861208333333334
12.657707692307678
1.080339269147087
0.8158035727632015
1.7807691380208426
1.0861208348172844
15.433335707691379
12.892635664729568
12.886839269147066
7.099570765521196
12.886839265891822
10.114769147064035
10.114620978057099
15.670765557911825
12.657706208333334
10.114622316389477
15.433357062083331
15.45706208481638
12.892282124233564
4.321333335707693
15.45707692307692
12.679076589159505
12.892620848173078
7.122489265521175
10.108833339265521
7.101654269230769
4.321333570635664
7.336769138021761
10.114620981638948
10.109426552454096
12.887426589159736
1.7806209816381133
10.114620833348164
10.10883926555791
7.122541209817308
4.321333570620848
4.5528339269138955
10.114765520833334
9.901062228382553
4.552892655208704
9.90107691380301
7.099570769138948
10.11462083333348
12.67906223163802
15.665426589182676
15.433333333335707
15.433356542658833
7.336622316472955
7.122489269230767
9.877335707692307
4.321333333357062
15.43356542691381
15.43335706208478
12.655570620848163
1.7806344814059163
12.657706208333348
4.558769138020926
7.123062098173077
12.655333570620849
12.679062098173077
7.099333335707692
1.6946736625859944
9.901062231638022
4.552839265520833
4.558769138020834
7.1230765883478995
9.879707691389484
15.435707658826448
7.09957076914729
7.099333357062233
1.086120848163802
15.435707691381134
4.552892691472898
12.679063567284738
10.109412083333481
7.099335707691473
9.879706208348173
7.336620833481729
4.3213357076913805
4.321333333357076
7.700430559138728
9.87970620981638
15.433333570635671
7.330833926589159
7.099570765520833
7.0995707655579325
7.099333333335707
4.32157076914729
15.435707691381134
9.877357062084817
9.87733357076552
15.435706356647291
7.123076913894832
15.435706208333347
1.0862691380301084
4.321333333357076
1.780620833348164
7.336620834816381
9.879706208481647
15.433333357062082
12.892769147290457
1.774833392655579
10.11462231638021
10.108833391353055
7.123062083481647
4.552833333333334
7.099333333570757
7.336620834816389
7.099333333333334
15.433570635663802
12.655333333333335
9.877333335706208
9.877333357063534
15.456541223163805
7.123076923071126
4.552833333333199
9.879706208334817
12.655570620833334
9.877333333570622
7.123062231647291
15.670765520833703
9.877570620981638
4.345062083333348
15.433333570620835
1.7806209816381133
12.655333333357062
15.433335706208334
12.655357062098165
15.433357076914728
12.198409471006178
4.540333984150882
4.3450620833333335
9.901062083333334
7.099333570769138
4.3213333333333335
10.114765521204095
9.877333333570622
4.345063566380209
7.122583856832317
4.34506223163802
9.877357062083481
4.3213091051477
15.433333333333332
7.099333333357063
7.099333333333334
15.665426923071124
15.435706209816379
4.321333333333355
3.8082832974678444
4.321333335707691
12.679076552083338
7.123062083333482
11.870497639677158
12.892620833481729
7.099570620828881
9.877333333335708
12.655335707655208
7.330833339265522
1.0803333339269228
15.433333333333355
15.433333333333332
12.655333570635666
1.7806223172845077
4.345062083333334
10.11462098163803
9.670149801578402
7.0995512141960955
15.433333333333332
10.11462083333348
9.877570620833334
15.433333333333332
1.0670031878476434
9.877333333333358
12.657706208348174
7.099570620833333
15.45707691380208
4.3213333333333335
4.3213333333333335
10.114620833333333
7.336620833333333
4.3213333333333335
7.099333333333334
12.679076913802083
10.10883926922845
4.3213333333333335
9.877333333333334
12.655333357062084
7.099333333333334
4.321333333333551
15.433333333333332
1.0861208333333334
4.321333335706209
7.336620833333333
12.655333357062084
15.435706208333334
7.099333333333334
9.877333333335708
12.655333333333335
4.3213333333333335
15.433333333333332
9.877333333333334
6.9377018371510575
7.123062083333333
4.3213333333333335
9.877333333357061
12.655333333333335
4.3213333333333335
7.099333333333334
9.877333333333553
12.655333333333335
4.3213333333333335
4.3213333333333335
7.099333333333336
7.099333333333334
15.433333333333332
7.099333333333334
9.877333333333334
7.099333333333334
15.433570620833331
4.3213333333333335
4.3213333333333335
