54774
40486
123037
48258
45416
42681
69550
39751
54299
37682
45437
51395
43498
59379
51759
41769
73107
70217
56549
38049
40191
43049
58932
77134
25318
53557
31796
41304
43539
32231
33979
46817
55821
42171
81723
43255
51163
35580
58798
141021
40406
38992
35468
40185
74859
38019
32962
30702
62197
40783
44050
44911
33234
27239
60234
32699
35205
30079
52533
53546
70849
37559
41494
45177
30818
50569
26271
37386
23884
25625
38926
32066
32437
37371
41593
27735
50260
34859
35763
59931
44807
46978
32090
34645
44237
35455
28188
33630
36226
31097
32369
26490
30580
64457
29661
56071
24314
39557
44635
24201
26293
24081
27919
30063
30546
40578
26504
36299
27387
38062
51710
29675
25908
28522
36272
25966
25358
26680
28498
39403
33055
31672
27465
25631
20657
19470
27063
28664
32869
19732
27892
25148
23817
29545
42621
30475
21264
27744
26302
25656
38299
27577
19896
26525
23419
26272
22699
25862
23047
31409
31998
24031
25506
24310
22038
20034
26330
27826
36293
24642
25902
31771
25535
23361
21945
21284
32649
21346
25714
26910
19529
23909
21526
24720
22088
21844
20629
24409
19905
19797
23403
22412
17726
21835
23661
17226
19091
22280
20172
18628
30580
20293
17259
18956
22070
24075
19055
20903
21308
23503
24955
22930
21590
20151
17112
18417
18190
19644
20513
14597
19258
23021
17075
19743
23894
15991
20137
19602
18580
19141
17579
17129
15356
21690
21025
15073
17396
21317
19157
22576
17993
18010
15892
17080
17834
16200
15651
17351
17385
16015
16989
19954
16223
15427
20295
20038
15789
18823
14722
21200
16540
15686
18597
17076
14082
14281
15498
18528
17380
15903
14861
14819
15118
16861
16471
13697
18370
17817
16539
17703
18176
20855
14220
20290
14279
17775
16262
14548
14012
18911
16355
14944
13385
13130
17058
17358
15844
13700
15688
15199
15379
14489
14679
18521
14973
15536
14738
16334
15495
13478
16118
13119
14228
16124
15050
14044
15534
14781
16354
13914
12686
13652
17973
14716
17561
13099
16617
14118
13084
13959
13325
14043
12131
13374
12888
14848
13825
12856
11307
14250
13916
13671
13304
14617
15013
11760
12770
13740
13904
12817
13987
13473
14832
14421
13180
13264
13517
17269
12226
14079
12758
13614
15799
13401
14002
11057
13822
12004
13174
13367
13496
12615
13272
11953
14488
11736
12711
13015
14133
14107
13344
12748
13006
11914
12612
11378
12547
12806
10746
12839
13210
13621
12562
13485
12621
13037
11524
12917
12205
12207
12312
11941
13044
11747
12639
12923
12469
12576
14535
11017
12826
12652
12500
13257
12354
13140
12869
11811
12064
11497
13085
11101
11033
13588
12759
11680
12656
12503
11312
12478
11805
12156
11349
11527
11033
9902
10128
11918
10753
12235
11849
12637
11363
11986
11906
12412
11085
11144
12278
11775
12899
12937
10827
12332
10334
11768
11904
11306
10940
13120
11422
11409
10543
12469
10919
10615
11890
10232
11406
9071
12026
12828
10335
10129
11746
9635
13464
12088
11795
10150
9778
11909
11846
10746
10561
11783
11855
10726
10986
10614
11974
10917
9973
9343
10170
12570
9574
11770
10928
9804
10637
10263
9071
12217
10525
10860
10596
10416
10220
10330
