-39966.0
-28749.0
-94445.0
-34763.0
-33084.0
-30097.0
-53190.0
-27593.0
-39842.0
-26312.0
-33740.0
-38765.0
-30923.0
-44394.0
-36611.0
-29030.0
-56266.0
-51445.0
-41637.0
-27157.0
-27652.0
-28914.0
-39450.0
-54987.0
-16304.0
-40693.0
-21382.0
-28856.0
-31718.0
-21394.0
-22816.0
-35271.0
-41927.0
-30707.0
-58613.0
-28924.0
-37087.0
-24461.0
-42363.0
-98045.0
-29640.0
-28334.0
-23514.0
-29384.0
-53048.0
-26481.0
-23454.0
-21531.0
-45504.0
-28781.0
-31968.0
-32274.0
-23494.0
-17986.0
-42350.0
-22175.0
-22754.0
-20319.0
-39458.0
-38609.0
-51429.0
-26488.0
-30921.0
-32472.0
-20054.0
-37560.0
-17431.0
-25470.0
-15806.0
-15904.0
-27819.0
-20757.0
-20998.0
-27009.0
-30835.0
-17964.0
-35673.0
-24680.0
-24004.0
-44792.0
-29399.0
-35518.0
-20929.0
-21693.0
-31525.0
-22848.0
-17228.0
-22811.0
-25102.0
-20775.0
-22052.0
-17336.0
-21157.0
-42487.0
-20477.0
-41142.0
-14818.0
-27505.0
-31013.0
-15473.0
-17095.0
-14312.0
-17960.0
-18890.0
-21191.0
-26067.0
-17125.0
-24022.0
-17528.0
-24992.0
-36843.0
-19903.0
-16824.0
-19420.0
-22738.0
-17049.0
-15950.0
-16211.0
-19144.0
-28584.0
-22458.0
-22572.0
-17489.0
-15676.0
-12383.0
-11823.0
-17875.0
-18890.0
-21442.0
-11863.0
-18337.0
-15230.0
-14723.0
-20700.0
-30298.0
-20754.0
-13065.0
-17332.0
-17259.0
-16928.0
-24418.0
-18275.0
-11174.0
-17311.0
-14269.0
-17254.0
-14386.0
-16843.0
-13872.0
-22073.0
-22500.0
-14685.0
-16572.0
-16136.0
-13513.0
-11858.0
-18077.0
-18675.0
-25626.0
-15427.0
-15488.0
-19640.0
-16513.0
-14734.0
-13689.0
-13243.0
-22628.0
-13138.0
-16205.0
-17867.0
-11181.0
-15296.0
-13262.0
-14472.0
-13075.0
-13479.0
-12514.0
-14739.0
-11070.0
-11542.0
-13734.0
-12852.0
-9664.0
-11902.0
-14385.0
-9353.0
-11805.0
-14397.0
-11795.0
-11089.0
-19977.0
-12169.0
-9551.0
-10998.0
-12583.0
-14071.0
-12121.0
-11328.0
-12826.0
-14837.0
-15685.0
-14433.0
-12919.0
-12168.0
-8960.0
-10433.0
-9278.0
-11545.0
-12462.0
-7548.0
-11510.0
-14393.0
-9821.0
-12096.0
-14731.0
-8777.0
-11977.0
-11575.0
-10888.0
-11166.0
-10117.0
-9738.0
-8501.0
-12898.0
-12088.0
-8358.0
-8764.0
-13021.0
-11127.0
-14279.0
-10304.0
-10414.0
-8516.0
-9278.0
-10282.0
-9310.0
-8442.0
-9201.0
-10088.0
-8347.0
-10245.0
-11793.0
-8737.0
-8148.0
-10764.0
-12240.0
-8905.0
-10787.0
-7742.0
-12609.0
-8948.0
-8052.0
-10192.0
-9623.0
-7334.0
-6975.0
-7572.0
-10376.0
-10016.0
-8618.0
-7828.0
-7433.0
-8124.0
-9791.0
-8539.0
-7390.0
-9738.0
-10398.0
-9150.0
-9395.0
-10166.0
-11307.0
-7191.0
-12234.0
-7640.0
-9929.0
-7877.0
-7858.0
-6947.0
-10212.0
-8105.0
-7606.0
-6492.0
-5973.0
-9545.0
-9821.0
-8599.0
-6743.0
-8104.0
-8175.0
-8719.0
-7433.0
-7924.0
-10886.0
-7972.0
-7972.0
-8137.0
-8290.0
-8494.0
-6457.0
-9584.0
-6311.0
-7009.0
-8870.0
-7844.0
-6213.0
-7376.0
-7245.0
-8052.0
-6568.0
-6504.0
-6960.0
-9425.0
-7107.0
-10475.0
-6014.0
-7812.0
-7073.0
-6880.0
-6975.0
-6807.0
-7215.0
-5524.0
-6315.0
-6225.0
-7717.0
-7275.0
-5900.0
-5549.0
-7012.0
-7147.0
-6884.0
-6632.0
-7534.0
-7652.0
-5316.0
-6113.0
-7109.0
-6799.0
-6449.0
-7354.0
-6886.0
-7224.0
-6472.0
-6935.0
-6742.0
-6371.0
-8559.0
-5789.0
-7120.0
-6211.0
-6866.0
-7126.0
-6846.0
-6639.0
-5223.0
-6312.0
-5636.0
-5629.0
-6226.0
-6302.0
-6294.0
-6735.0
-5908.0
-6333.0
-5296.0
-5807.0
-6011.0
-7211.0
-6350.0
-6520.0
-6014.0
-6865.0
-5714.0
-5545.0
-5018.0
-5909.0
-5216.0
-4503.0
-5612.0
-6320.0
-6497.0
-6220.0
-6407.0
-5450.0
-6380.0
-5106.0
-6259.0
-6048.0
-5964.0
-5838.0
-5299.0
-6534.0
-5467.0
-6267.0
-5345.0
-5308.0
-5229.0
-6651.0
-4371.0
-6162.0
-5740.0
-5029.0
-6539.0
-6027.0
-6083.0
-5819.0
-5845.0
-6129.0
-5433.0
-5572.0
-4894.0
-5093.0
-6437.0
-6187.0
-5179.0
-5944.0
-6021.0
-5170.0
-5126.0
-4936.0
-6095.0
-4426.0
-5714.0
-5225.0
-3912.0
-4520.0
-5222.0
-4828.0
-5451.0
-4936.0
-6026.0
-5276.0
-5239.0
-5596.0
-5441.0
-4651.0
-5137.0
-5453.0
-4923.0
-5562.0
-4840.0
-5149.0
-4900.0
-4175.0
-5001.0
-5043.0
-4675.0
-5341.0
-5531.0
-4852.0
-4912.0
-4396.0
-5053.0
-4761.0
-4656.0
-5254.0
-4581.0
-4785.0
-3583.0
-4876.0
-5211.0
-4443.0
-4370.0
-4618.0
-4053.0
-5624.0
-5233.0
-5536.0
-4464.0
-4312.0
-4317.0
-4269.0
-4572.0
-4503.0
-5284.0
-5425.0
-4039.0
-4244.0
-4461.0
-5404.0
-4769.0
-4299.0
-3308.0
-4075.0
-5351.0
-4006.0
-4781.0
-4258.0
-4140.0
-4325.0
-4022.0
-3290.0
-5030.0
-4550.0
-4261.0
-4103.0
-4663.0
-4166.0
-4156.0
