-23175.0
-26508.0
-34384.0
-41842.0
-23025.0
-23994.0
-23568.0
-36203.0
-27204.0
-28972.0
-19794.0
-21561.0
-22004.0
-19411.0
-24401.0
-22085.0
-13232.0
-15706.0
-18377.0
-18746.0
-14550.0
-17828.0
-15621.0
-15041.0
-13972.0
-10475.0
-12853.0
-18049.0
-13960.0
-15734.0
-12789.0
-14109.0
-11703.0
-10345.0
-11941.0
-11658.0
-12156.0
-13547.0
-13093.0
-13958.0
-10328.0
-10537.0
-10211.0
-8559.0
-10854.0
-10393.0
-8914.0
-8148.0
-9798.0
-7574.0
-8454.0
-9067.0
-8229.0
-9032.0
-9289.0
-8866.0
-6854.0
-11281.0
-8371.0
-8779.0
-8094.0
-8211.0
-6450.0
-7753.0
-7092.0
-6826.0
-6058.0
-9304.0
-6586.0
-7513.0
-5858.0
-5036.0
-6233.0
-6462.0
-7106.0
-6799.0
-5508.0
-6690.0
-5865.0
-5630.0
-5308.0
-5240.0
-5353.0
-4683.0
-6135.0
-6150.0
-5775.0
-5666.0
-4556.0
-4695.0
-4660.0
-4485.0
-4835.0
-4313.0
-4724.0
-4899.0
-4652.0
-4128.0
-4270.0
-3901.0
