1.7806208477012586
15.457076913894833
7.336635673076794
1.7807658916177176
1.0809269147290443
7.336769147295543
4.558769230769231
12.886891223164707
12.606597727259146
10.114635339182119
12.678542692307692
1.7807691389483042
7.336769228473187
1.0862691380301024
7.163835895910012
12.679063566472957
1.7806356647295671
10.10889268929802
15.67076923071706
1.086265891826923
1.780769228682392
1.080926588264274
7.122541353024543
4.345063567307692
1.742009212982437
1.780765882561358
9.877570769138948
12.892765557911824
7.331426589182169
4.558635339182679
10.109413567307172
12.892635339161824
10.114622317307692
1.7754269138947738
10.108698798059255
10.114635664728993
7.336769147295674
1.0861222838255218
10.114635305701448
15.433570769147087
15.670769230769178
9.901076913803012
9.901076588347957
1.0861208478382554
12.65765426588348
15.670635673076925
9.901076923071706
9.879706356638021
15.456542692286826
12.679062083333482
10.114769230711321
1.7806209783918212
15.435654135643142
15.670765524543265
15.43333335706223
4.321333357062083
1.086269228450544
1.0803392655212043
12.887426552454096
9.900541356647292
15.435707658915954
15.670769228682389
7.099565412098164
7.101706223163802
1.7748333333926922
12.65556489269138
1.0861208333348173
4.203774796365393
7.336620833334817
4.558765557932171
7.099335706209817
7.099333356541209
4.321333333563666
12.655333333357063
14.920809748680904
7.0993333335706215
4.321333333570636
1.0809265891595075
4.32157062083347
7.336620833333335
10.11476914729567
12.886833339265522
15.435654269138018
4.321333335706209
12.657706208333334
7.099333335706208
12.655333333333335
12.655570620833334
1.0803333926552083
12.655333333333335
4.321333333570769
7.172397163629358
9.877335706223164
12.655333333333335
12.655333570620835
9.877333333333334
10.114620833333333
7.099333333333334
12.655333333333335
9.877333333333334
