6.547407407407407
7.308888888888889
9.028888888888888
10.386666666666667
6.533148148148148
6.728518518518518
6.4366666666666665
9.932592592592593
7.729074074074074
7.830925925925926
5.893703703703704
6.228518518518518
6.317777777777778
5.782962962962963
7.097407407407408
6.57462962962963
4.413518518518519
4.8372222222222225
5.745185185185186
5.576851851851852
4.646296296296296
5.325185185185185
5.645740740740741
4.672592592592593
4.599444444444444
3.8312962962962964
4.19537037037037
5.3079629629629625
4.441111111111111
4.882037037037037
4.2337037037037035
4.502962962962963
4.146851851851852
3.7716666666666665
4.160185185185185
4.287962962962963
4.370185185185186
4.488888888888889
4.345740740740741
5.001481481481481
3.7216666666666667
3.737962962962963
3.574074074074074
3.380925925925926
3.8574074074074076
3.689074074074074
3.402222222222222
3.37
3.7085185185185185
2.9914814814814816
3.4118518518518517
3.502407407407407
3.2225925925925925
3.546666666666667
3.897407407407407
3.393148148148148
3.329814814814815
4.158888888888889
3.3664814814814816
3.4244444444444446
3.6705555555555556
3.214074074074074
2.9235185185185184
3.1614814814814816
3.1585185185185187
2.917962962962963
2.7268518518518516
3.6837037037037037
2.8198148148148148
2.9677777777777776
2.803703703703704
2.4809259259259258
2.8603703703703705
2.875
2.8251851851851852
2.846296296296296
2.696296296296296
2.9425925925925926
2.8133333333333335
2.6725925925925926
2.8251851851851852
2.524814814814815
2.688888888888889
2.5014814814814814
2.7872222222222223
3.2225925925925925
3.0435185185185185
2.6751851851851853
2.3487037037037037
2.5883333333333334
2.4405555555555556
2.4974074074074073
2.5372222222222223
2.5724074074074075
2.542777777777778
2.595
2.332777777777778
2.5355555555555553
2.447962962962963
2.243888888888889
