35356
39468
48756
56088
35279
36334
34758
53636
41737
42287
31826
33634
34116
31228
38326
35503
23833
26121
31024
30115
25090
28756
30487
25232
24837
20689
22655
28663
23982
26363
22862
24316
22393
20367
22465
23155
23599
24240
23467
27008
20097
20185
19300
18257
20830
19921
18372
18198
20026
16154
18424
18913
17402
19152
21046
18323
17981
22458
18179
18492
19821
17356
15787
17072
17056
15757
14725
19892
15227
16026
15140
13397
15446
15525
15256
15370
14560
15890
15192
14432
15256
13634
14520
13508
15051
17402
16435
14446
12683
13977
13179
13486
13701
13891
13731
14013
12597
13692
13219
12117
