15.670768954642824
10.114765891826924
12.89276922845284
7.331413567307692
12.89276588347957
7.336769230769231
12.887426914729568
1.7807692284528394
9.645594387674302
12.892769147295672
10.11476923071706
12.679076922868239
15.457076923071185
7.123076923076923
4.242363345828787
1.0862655212041183
10.114635664729555
12.892769138873916
12.892769147295542
15.670622316389483
10.11476914729567
1.0862691389483172
7.3366353391826795
12.65770765882645
9.886760401995334
10.11463567307692
10.114622317307692
10.109426923071705
15.670769230767798
4.345076589182692
1.7807692307118426
15.664839269230765
15.67076552454327
10.108892655244599
12.655335702908959
15.664839269230765
12.887426923076793
10.114769147295673
1.0809265883458699
4.553426913811359
10.10941356730724
7.330833333392656
10.108833926589162
10.108892692307693
9.877565412083479
1.780620848173077
12.892769230769233
1.0861223164708642
9.879707692307694
7.099357076923077
7.336769228682262
15.670769230767798
4.558769138020649
1.7807691380301083
12.892635673076779
12.886892655579118
15.457063566389484
1.0861356647290454
15.457062083333483
12.655333333333571
12.887426555793269
15.433333357076588
12.678541353391822
15.433565426589183
7.1230769138030094
15.433333333333332
7.099333570635665
12.382969449692286
10.114769230711264
7.336769138020834
12.89276914729567
9.877333335706357
12.655357062049937
12.657707691472899
1.7806463609031593
15.670622316381133
10.109426552454096
12.655335706209817
7.099565426923077
7.099333333357062
9.877357076913801
10.108833333333333
10.109412231638021
12.6790635664729
7.099333333333336
4.323706208333333
12.655333333333335
15.670620833333334
4.323654120833334
15.433333333335707
9.877333333333334
4.256192970871507
12.655333335654122
12.886833926552082
7.3308333333333335
1.0803333333333334
9.877333333333336
15.433570620833331
15.433333333333332
4.3213333333333335
