-25652.0
-33027.0
-37258.0
-25487.0
-28529.0
-30834.0
-24529.0
-22895.0
-31444.0
-23409.0
-21632.0
-20066.0
-21078.0
-20065.0
-28166.0
-15095.0
-20764.0
-29437.0
-16028.0
-15490.0
-16872.0
-15464.0
-12885.0
-14524.0
-16423.0
-12677.0
-16151.0
-12972.0
-18950.0
-11324.0
-11894.0
-14150.0
-14493.0
-11570.0
-14297.0
-19902.0
-14017.0
-13344.0
-14740.0
-14406.0
-12531.0
-13955.0
-13578.0
-12373.0
-11960.0
-13740.0
-13671.0
-14331.0
-14178.0
-10019.0
-9164.0
-9399.0
-12016.0
-11045.0
-16152.0
-12988.0
-10856.0
-10044.0
-10235.0
-10924.0
-10525.0
-7962.0
-8771.0
-7595.0
-11141.0
-9576.0
-9139.0
-7644.0
-8386.0
-7439.0
-9538.0
-7130.0
-6739.0
-7865.0
-8099.0
-6892.0
-6920.0
-8710.0
-7916.0
-6681.0
-7443.0
-7307.0
-7481.0
-11819.0
-7862.0
-7070.0
-6584.0
-6678.0
-6029.0
-6698.0
-8918.0
-5426.0
-4864.0
-6445.0
-5669.0
-6430.0
-5424.0
-6609.0
-6627.0
-5550.0
