33531
39293
35900
32884
45400
39458
31076
51049
46598
53431
31770
34596
33254
46359
47433
45858
49590
55231
47975
35983
45779
53696
41331
38351
28994
46776
42083
27658
38428
45385
35201
36789
43773
38736
31275
49191
35141
29473
30356
49551
32275
37888
45855
32410
53771
50011
35431
37867
29885
36749
35043
29704
36526
61865
49801
37648
35060
24349
40414
30010
45234
39007
28718
36441
33593
33053
26051
28165
33129
29869
33840
32556
32195
38431
31958
37069
29316
39700
31836
27630
35871
34198
29545
35393
28786
33689
46098
32367
29447
31364
29706
28875
30625
45885
33859
30438
30268
28880
44508
29221
30259
27246
25076
21505
31338
27470
36522
35101
28913
29158
26571
26330
28100
22928
33436
27045
25824
27250
26326
29254
26463
23351
29742
33965
28986
24357
27174
28957
33083
27163
25612
27306
30180
28266
31481
30350
33251
31708
30186
34757
28730
24461
27634
29364
25684
24632
26844
28310
24763
30253
29543
30775
25276
27830
23614
30032
27152
26134
30632
26687
26192
27796
25158
29966
27535
24934
24678
27392
24234
27722
39553
24754
30001
33449
25221
25991
42108
27312
26933
32790
28597
27205
26688
29274
24394
30303
25742
24026
24253
25061
25971
26591
27623
26024
30279
29255
23314
41219
27718
26990
23766
30214
28558
24661
28136
30715
29164
25759
27832
23664
50847
39772
23416
28003
27411
26668
25941
23758
24898
28153
28289
27147
26782
30568
32090
21682
25029
30217
24808
25028
27432
31926
24689
41432
23718
24031
31343
25951
26996
30533
25049
24776
21977
25060
26251
28397
30237
26883
23462
31243
32072
22952
24794
28882
26560
27487
28151
31179
42934
23730
25146
28939
25326
23660
37181
24812
214720
30936
31106
44947
27578
37836
23920
33599
27030
213344
31804
27827
26930
31130
40456
26938
27881
30837
32451
50344
40936
31914
27280
26842
35622
50178
38838
36467
35895
57268
34199
30926
34591
32357
43908
39836
34697
61319
39154
39220
43948
83730
32782
34510
28623
69580
48425
61089
40039
38661
70871
39636
43965
25765
88210
45906
31107
108663
34787
85350
57235
56606
31710
125561
34893
282370
112310
32393
91048
62116
50975
69444
32392
52235
42244
49174
70547
41502
81009
43836
51831
142384
51427
38963
40469
201759
121009
51677
49732
69311
37081
52595
68092
71549
61388
56962
50554
34902
55286
37002
37270
33554
42086
58958
38935
37175
787600
113951
168606
63307
55949
295418
34746
174960
619895
47568
44129
114403
84015
180711
64481
38697
108158
124847
65760
43259
74288
48776
54023
82192
528068
51648
318632
131006
97118
155445
50597
73827
290929
56363
88434
58143
85726
59643
269758
82153
56151
69061
84825
193714
125277
90315
124224
47045
49394
75479
84051
46167
64340
61451
77407
66421
75079
50595
64460
244265
56674
59959
41756
93919
63136
59226
63166
108515
92320
89153
133135
462090
87110
130009
57217
127084
158104
41210
134136
65220
63463
159223
104498
100492
66413
107492
105063
52905
201558
57537
146577
91495
128053
63840
94640
826261
87455
120982
45972
125822
123967
347077
78572
146516
82084
110386
48563
304351
95545
264419
147235
93744
91333
260255
43734
88939
101023
134368
72756
113417
1294301
394042
87654
148807
121605
134589
127035
202384
