6.209444444444444
7.276481481481482
6.648148148148148
6.08962962962963
8.407407407407407
7.307037037037037
5.754814814814814
9.453518518518518
8.629259259259259
9.89462962962963
5.883333333333334
6.406666666666666
6.158148148148148
8.585
8.783888888888889
8.492222222222223
9.183333333333334
10.227962962962962
8.88425925925926
6.663518518518519
8.477592592592593
9.943703703703704
7.653888888888889
7.102037037037037
5.369259259259259
8.662222222222223
7.793148148148148
5.121851851851852
7.116296296296296
8.40462962962963
6.518703703703704
6.812777777777778
8.106111111111112
7.173333333333333
5.791666666666667
9.109444444444444
6.507592592592593
5.457962962962963
5.6214814814814815
9.176111111111112
5.976851851851852
7.0162962962962965
8.491666666666667
6.0018518518518515
9.957592592592592
9.261296296296296
6.561296296296296
7.012407407407407
5.534259259259259
6.805370370370371
6.489444444444445
5.500740740740741
6.764074074074074
11.45648148148148
9.222407407407408
6.971851851851852
6.492592592592593
4.509074074074074
7.484074074074074
5.557407407407408
8.376666666666667
7.223518518518518
5.318148148148148
6.748333333333333
6.2209259259259255
6.120925925925926
4.824259259259259
5.215740740740741
6.135
5.531296296296296
6.266666666666667
6.028888888888889
5.962037037037037
7.116851851851852
5.918148148148148
6.864629629629629
5.428888888888889
7.351851851851852
5.895555555555555
5.116666666666666
6.642777777777778
6.332962962962963
5.4712962962962965
6.5542592592592595
5.33074074074074
6.238703703703703
8.536666666666667
5.993888888888889
5.4531481481481485
5.808148148148148
5.501111111111111
5.347222222222222
5.671296296296297
8.497222222222222
6.270185185185185
5.636666666666667
5.605185185185185
5.348148148148148
8.242222222222223
5.411296296296296
5.603518518518518
5.045555555555556
4.643703703703704
3.9824074074074076
5.803333333333334
5.087037037037037
6.763333333333334
6.5001851851851855
5.354259259259259
5.399629629629629
4.920555555555556
4.875925925925926
5.203703703703703
4.245925925925926
6.191851851851852
5.008333333333334
4.782222222222222
5.046296296296297
4.8751851851851855
5.417407407407407
4.900555555555556
4.324259259259259
5.507777777777778
6.2898148148148145
5.3677777777777775
4.510555555555555
5.032222222222222
5.3624074074074075
6.126481481481481
5.030185185185185
4.742962962962963
5.056666666666667
5.588888888888889
5.234444444444445
5.829814814814815
5.62037037037037
6.157592592592593
5.871851851851852
5.59
6.436481481481482
5.32037037037037
4.529814814814815
5.117407407407407
5.437777777777778
4.756296296296297
4.561481481481482
4.971111111111111
5.242592592592593
4.585740740740741
5.602407407407408
5.4709259259259255
5.699074074074074
4.680740740740741
5.1537037037037035
4.372962962962963
5.561481481481482
5.028148148148148
4.83962962962963
5.672592592592593
4.9420370370370375
4.850370370370371
5.147407407407408
4.658888888888889
5.54925925925926
5.099074074074074
4.617407407407407
4.57
5.072592592592593
4.487777777777778
5.133703703703704
7.32462962962963
4.584074074074074
5.555740740740741
6.194259259259259
4.670555555555556
4.813148148148148
7.797777777777778
5.057777777777778
4.987592592592593
6.072222222222222
5.295740740740741
5.037962962962963
4.942222222222222
5.421111111111111
4.517407407407408
5.611666666666666
4.767037037037037
4.449259259259259
4.491296296296296
4.640925925925926
4.809444444444445
4.92425925925926
5.11537037037037
4.819259259259259
5.607222222222222
5.417592592592593
4.317407407407408
7.633148148148148
5.132962962962963
4.9981481481481485
4.401111111111111
5.595185185185185
5.288518518518519
4.566851851851852
5.21037037037037
5.687962962962963
5.400740740740741
4.770185185185185
5.1540740740740745
4.3822222222222225
9.41611111111111
7.365185185185185
4.336296296296296
5.185740740740741
5.0761111111111115
4.938518518518518
4.803888888888889
4.399629629629629
4.610740740740741
5.213518518518518
5.238703703703703
5.027222222222222
4.95962962962963
5.66074074074074
5.942592592592592
4.015185185185185
4.635
5.595740740740741
4.594074074074074
4.634814814814815
5.08
5.912222222222222
4.572037037037037
7.672592592592593
4.392222222222222
4.450185185185185
5.8042592592592595
4.805740740740741
4.999259259259259
5.654259259259259
4.638703703703704
4.588148148148148
4.069814814814815
4.640740740740741
4.861296296296296
5.258703703703704
5.599444444444444
4.9783333333333335
4.344814814814815
5.78574074074074
5.939259259259259
4.25037037037037
4.591481481481481
5.348518518518518
4.9185185185185185
5.090185185185185
5.213148148148148
5.773888888888889
7.95074074074074
4.394444444444445
4.656666666666666
5.359074074074074
4.69
4.381481481481481
6.885370370370371
4.594814814814815
39.762962962962966
5.728888888888889
5.760370370370371
8.323518518518519
5.107037037037037
7.006666666666667
4.42962962962963
6.222037037037037
5.0055555555555555
39.508148148148145
5.8896296296296295
5.153148148148148
4.987037037037037
5.764814814814815
7.491851851851852
4.988518518518519
5.1631481481481485
5.710555555555556
6.009444444444444
9.322962962962963
7.58074074074074
5.91
5.051851851851852
4.970740740740741
6.596666666666667
9.292222222222222
7.192222222222222
6.753148148148148
6.647222222222222
10.605185185185185
6.333148148148148
5.727037037037037
6.4057407407407405
5.992037037037037
8.13111111111111
7.377037037037037
6.42537037037037
11.35537037037037
7.250740740740741
7.262962962962963
8.138518518518518
15.505555555555556
6.0707407407407405
6.390740740740741
5.3005555555555555
12.885185185185184
8.967592592592593
11.312777777777777
7.41462962962963
7.1594444444444445
13.12425925925926
7.34
8.141666666666667
4.771296296296296
16.335185185185185
8.501111111111111
5.760555555555555
20.122777777777777
6.4420370370370375
15.805555555555555
10.599074074074075
10.482592592592592
5.872222222222222
23.252037037037038
6.461666666666667
52.29074074074074
20.798148148148147
5.998703703703704
16.86074074074074
11.502962962962963
9.439814814814815
12.86
5.998518518518519
9.673148148148147
7.822962962962963
9.106296296296296
13.06425925925926
7.685555555555555
15.001666666666667
8.117777777777778
9.598333333333333
26.36740740740741
9.523518518518518
7.21537037037037
7.494259259259259
37.36277777777778
22.409074074074073
9.569814814814816
9.20962962962963
12.83537037037037
6.866851851851852
9.739814814814816
12.60962962962963
13.249814814814815
11.368148148148148
10.548518518518518
9.361851851851851
6.463333333333333
10.238148148148149
6.852222222222222
6.901851851851852
6.213703703703704
7.793703703703704
10.918148148148148
7.2101851851851855
6.8842592592592595
145.85185185185185
21.102037037037036
31.223333333333333
11.72351851851852
10.360925925925926
54.70703703703704
6.434444444444445
32.4
114.79537037037036
8.80888888888889
8.172037037037038
21.18574074074074
15.558333333333334
33.465
11.940925925925926
7.166111111111111
20.02925925925926
23.119814814814816
12.177777777777777
8.010925925925926
13.757037037037037
9.032592592592593
10.004259259259259
15.220740740740741
97.79037037037037
9.564444444444444
59.00592592592593
24.26037037037037
17.984814814814815
28.78611111111111
9.369814814814815
13.671666666666667
53.87574074074074
10.437592592592592
16.376666666666665
10.767222222222221
15.875185185185185
11.045
49.95518518518519
15.21351851851852
10.398333333333333
12.789074074074074
15.708333333333334
35.872962962962966
23.199444444444445
16.725
23.004444444444445
8.712037037037037
9.147037037037038
13.977592592592593
15.565
8.549444444444445
11.914814814814815
11.379814814814814
14.33462962962963
12.300185185185185
13.903518518518519
9.369444444444444
11.937037037037037
45.23425925925926
10.495185185185186
11.103518518518518
7.732592592592592
17.392407407407408
11.691851851851851
10.967777777777778
11.697407407407407
20.09537037037037
17.096296296296295
16.509814814814813
24.65462962962963
85.57222222222222
16.131481481481483
24.07574074074074
10.595740740740741
23.534074074074073
29.278518518518517
7.631481481481481
24.84
12.077777777777778
11.752407407407407
29.48574074074074
19.351481481481482
18.60962962962963
12.298703703703703
19.905925925925924
19.45611111111111
9.797222222222222
37.32555555555555
10.655
27.14388888888889
16.94351851851852
23.71351851851852
11.822222222222223
17.525925925925925
153.0112962962963
16.19537037037037
22.404074074074074
8.513333333333334
23.30037037037037
22.95685185185185
64.27351851851851
14.55037037037037
27.13259259259259
15.200740740740741
20.44185185185185
8.993148148148148
56.361296296296295
17.69351851851852
48.96648148148148
27.26574074074074
17.36
16.91351851851852
48.19537037037037
8.098888888888888
16.470185185185183
18.707962962962963
24.882962962962964
13.473333333333333
21.00314814814815
239.68537037037038
72.97074074074074
16.232222222222223
27.556851851851853
22.519444444444446
24.92388888888889
23.525
37.47851851851852
