-33878.0
-37196.0
-27549.0
-35794.0
-28681.0
-32280.0
-18697.0
-29550.0
-22897.0
-23932.0
-22329.0
-25485.0
-28131.0
-26360.0
-29751.0
-24269.0
-33979.0
-21586.0
-22014.0
-26324.0
-27302.0
-29030.0
-18469.0
-24949.0
-48751.0
-29047.0
-22283.0
-18379.0
-27605.0
-22499.0
-21115.0
-23211.0
-20663.0
-23588.0
-26488.0
-24725.0
-20882.0
-24456.0
-27976.0
-17698.0
-24347.0
-18270.0
-19949.0
-25488.0
-15953.0
-20565.0
-14678.0
-22821.0
-25100.0
-16554.0
-23957.0
-21558.0
-19783.0
-23177.0
-21092.0
-16533.0
-26336.0
-18274.0
-21956.0
-25446.0
-26851.0
-17545.0
-22826.0
-32014.0
-19272.0
-39035.0
-17435.0
-18879.0
-17831.0
-25856.0
-22563.0
-19534.0
-12981.0
-19737.0
-18519.0
-14154.0
-18109.0
-19897.0
-18957.0
-17959.0
-18296.0
-19607.0
-17975.0
-19803.0
-17810.0
-15584.0
-17663.0
-18500.0
-15940.0
-19458.0
-13045.0
-19010.0
-16837.0
-18534.0
-15754.0
-14685.0
-18122.0
-18212.0
-13016.0
-20993.0
-17466.0
-18215.0
-20401.0
-15319.0
-20671.0
-14000.0
-16808.0
-18472.0
-13943.0
-17157.0
-16171.0
-12877.0
-14691.0
-16829.0
-22090.0
-16455.0
-16576.0
-15711.0
-17782.0
-14437.0
-15102.0
-16954.0
-15343.0
-14244.0
-17904.0
-12232.0
-11916.0
-16586.0
-14803.0
-18598.0
-14506.0
-12626.0
-16551.0
-12560.0
-15361.0
-12566.0
-13494.0
-12778.0
-15784.0
-18312.0
-13928.0
-17141.0
-12927.0
-15879.0
-15221.0
-14346.0
-13627.0
-12981.0
-13079.0
-12537.0
-14439.0
-11964.0
-12037.0
-14270.0
-11848.0
-11157.0
-14406.0
-13145.0
-10890.0
-12536.0
-13465.0
-12446.0
-13448.0
-12070.0
-14322.0
-12158.0
-14473.0
-14550.0
-12540.0
-13800.0
-11077.0
-13069.0
-15912.0
-14554.0
-12767.0
-12521.0
-12197.0
-15323.0
-12227.0
-10936.0
-13463.0
-12099.0
-13871.0
-14229.0
-10731.0
-9524.0
-12596.0
-12325.0
-13461.0
-11795.0
-12401.0
-13899.0
-13583.0
-9977.0
-10741.0
-9745.0
-11057.0
-13320.0
-11724.0
-10992.0
-9706.0
-11064.0
-12501.0
-9235.0
-11551.0
-11459.0
-12650.0
-11315.0
-10086.0
-14612.0
-9852.0
-10650.0
-12177.0
-12324.0
-9530.0
-12329.0
-9499.0
-8668.0
-10920.0
-9212.0
-8661.0
-10807.0
-11539.0
-11820.0
-11070.0
-10536.0
-12337.0
-9792.0
-9916.0
-11662.0
-13331.0
-8987.0
-11203.0
-12386.0
-9211.0
-9589.0
-9979.0
-8921.0
-9906.0
-9082.0
-9618.0
-9791.0
-9166.0
-10930.0
-10567.0
-9313.0
-9852.0
-9392.0
-10073.0
-10972.0
-10107.0
-9860.0
-10400.0
-8538.0
-10091.0
-10631.0
-11018.0
-10131.0
-9155.0
-8898.0
-8157.0
-9871.0
-9894.0
-7744.0
-8702.0
-8796.0
-9088.0
-8620.0
-8053.0
-8347.0
-7911.0
-8502.0
-10268.0
-11219.0
-7638.0
-7942.0
-8805.0
-10133.0
-9105.0
-8516.0
-9232.0
-8202.0
-9271.0
-8219.0
-10264.0
-9677.0
-9144.0
-9653.0
-9273.0
-7495.0
-9762.0
-9060.0
-9986.0
-8877.0
-7978.0
-9035.0
-8599.0
-7951.0
-9126.0
-8898.0
-8902.0
-8769.0
-8447.0
-8435.0
-7979.0
-7386.0
-9073.0
-7132.0
-6928.0
-8412.0
-9579.0
-7252.0
-8462.0
-7864.0
-7450.0
-9120.0
-7808.0
-8433.0
-7447.0
-7595.0
-7991.0
-6261.0
-6841.0
-7902.0
-7647.0
-6599.0
-7670.0
-7713.0
-7976.0
-8089.0
-7365.0
-8455.0
-5971.0
-7784.0
-7909.0
-8101.0
-7694.0
-7715.0
-7858.0
-9621.0
-6942.0
-6880.0
-7052.0
-7271.0
-8521.0
-6968.0
-7008.0
-6303.0
-7945.0
-7751.0
-7503.0
-6688.0
-6332.0
-6892.0
-6336.0
-6554.0
-7633.0
-7487.0
-6225.0
-8626.0
-7661.0
-6638.0
-7179.0
-8353.0
-6849.0
-6216.0
-6761.0
-7476.0
-7995.0
-6567.0
-7461.0
-7515.0
-7324.0
-7048.0
-7541.0
-7591.0
-7765.0
-8932.0
-8114.0
-6833.0
-6705.0
-6713.0
-6445.0
-6165.0
-7051.0
-5247.0
-6796.0
-7380.0
-7508.0
-6539.0
-5587.0
-6412.0
-6098.0
-6820.0
-6457.0
-5796.0
-6228.0
-6731.0
-6727.0
-6698.0
-5795.0
-6514.0
-5884.0
-5835.0
-6028.0
-7145.0
-6287.0
-6341.0
-5195.0
-6485.0
-5911.0
-5638.0
-6030.0
-6403.0
-5815.0
-6300.0
-5548.0
-5959.0
-5864.0
-5937.0
-5925.0
-5577.0
-5632.0
-5230.0
-6124.0
-5768.0
-6201.0
-5807.0
-6423.0
-5179.0
-5958.0
-5421.0
-5305.0
-6184.0
-5261.0
-5490.0
-5842.0
-5024.0
-5308.0
-5371.0
-5230.0
-5355.0
-4701.0
-6001.0
-6302.0
-6361.0
-5959.0
-5300.0
-6163.0
-5972.0
-5549.0
-6405.0
-6311.0
-4984.0
-5477.0
-5962.0
-5157.0
-5766.0
-6099.0
-5475.0
-5029.0
-5851.0
-6102.0
-4588.0
-5786.0
-5389.0
-6410.0
-5062.0
-5979.0
-6481.0
-4602.0
-4338.0
-5007.0
-5039.0
-5417.0
-4978.0
-4959.0
-4507.0
-5688.0
-5187.0
-6046.0
-4872.0
-5225.0
-5045.0
-5098.0
-5088.0
-5121.0
-5198.0
-4456.0
-5134.0
-5793.0
-4341.0
-4971.0
-5238.0
-5133.0
-4633.0
-4345.0
-5408.0
-5027.0
-5148.0
