8.891111111111112
9.732592592592592
7.523148148148148
9.419074074074073
7.605740740740741
8.31425925925926
5.534259259259259
8.120925925925926
6.511111111111111
6.698148148148148
6.361111111111111
6.886296296296297
7.412037037037037
7.207777777777777
7.960925925925926
7.061111111111111
8.85574074074074
6.12074074074074
6.032407407407407
7.444629629629629
7.37462962962963
8.028333333333334
5.700185185185185
6.7807407407407405
12.352592592592593
7.967407407407407
6.324259259259259
5.424814814814815
7.41925925925926
6.488703703703703
6.076481481481482
6.573888888888889
6.002962962962963
6.611666666666666
7.543888888888889
7.585740740740741
6.269074074074074
6.930370370370371
7.501666666666667
5.538888888888889
6.889444444444444
5.359444444444445
5.734814814814815
7.257962962962963
4.83074074074074
5.832407407407407
4.851296296296296
6.518518518518518
6.997222222222222
5.100185185185185
6.592222222222222
6.293888888888889
5.782407407407407
6.616666666666666
6.693888888888889
5.020740740740741
7.717962962962963
5.533703703703703
6.280555555555556
6.910185185185185
8.137592592592593
5.3912962962962965
6.506851851851851
8.704629629629629
5.66
10.131481481481481
5.198888888888889
5.44
5.417037037037037
7.618333333333333
6.3116666666666665
5.48
4.292962962962963
5.811481481481482
5.384814814814815
4.452407407407407
5.5162962962962965
5.7444444444444445
5.495
5.429444444444444
5.9783333333333335
5.686296296296296
5.357407407407408
5.773333333333333
5.466296296296297
5.1809259259259255
5.895370370370371
5.502777777777778
5.0344444444444445
5.713148148148148
4.274074074074074
5.729074074074074
5.1433333333333335
6.022222222222222
4.9531481481481485
4.630740740740741
5.488333333333333
5.5814814814814815
4.901111111111111
6.131851851851851
5.347777777777778
5.965
5.888703703703704
4.795555555555556
6.065555555555555
4.877962962962963
5.256851851851851
5.430370370370371
4.540555555555556
5.6809259259259255
5.084444444444444
4.247962962962963
4.528888888888889
5.144814814814815
7.0835185185185185
5.226111111111111
4.939074074074074
4.688888888888889
5.318518518518519
4.480555555555555
4.588703703703704
5.04037037037037
4.827592592592593
4.5942592592592595
5.444444444444445
4.262222222222222
3.9316666666666666
5.003333333333333
5.088148148148148
5.614074074074074
4.792407407407407
4.317592592592592
4.969814814814815
3.9924074074074074
4.802037037037037
4.161481481481482
4.4688888888888885
4.364444444444445
4.731111111111111
5.408703703703703
4.870185185185186
5.304444444444444
4.390925925925926
5.000925925925926
4.783888888888889
4.632037037037037
4.5868518518518515
4.255925925925926
4.330925925925926
4.139074074074074
4.622592592592593
4.013518518518518
4.09
4.661666666666667
4.044444444444444
3.9033333333333333
4.478888888888889
4.300925925925926
3.9053703703703704
4.1540740740740745
4.623888888888889
4.1
4.385925925925926
4.17962962962963
4.503148148148148
4.104074074074074
4.644629629629629
4.7192592592592595
4.287222222222222
4.42425925925926
3.9764814814814815
4.289074074074074
5.088333333333333
4.894259259259259
4.29537037037037
4.192592592592592
4.012962962962963
5.131296296296297
4.248888888888889
3.8744444444444444
4.734074074074074
4.191296296296296
4.66462962962963
4.803703703703704
3.7325925925925927
3.5279629629629627
4.037962962962963
4.0996296296296295
4.35
3.986851851851852
4.422037037037037
4.50037037037037
4.263333333333334
3.591851851851852
3.826296296296296
3.5444444444444443
3.8175925925925926
4.7118518518518515
3.9896296296296296
3.7503703703703706
3.5453703703703705
3.878888888888889
4.07537037037037
3.3024074074074075
4.127222222222223
3.9444444444444446
4.450925925925926
3.946296296296296
3.70537037037037
4.859259259259259
3.6255555555555556
3.7133333333333334
3.927037037037037
4.104259259259259
3.699074074074074
4.2972222222222225
3.4968518518518517
3.2635185185185187
3.917962962962963
3.470925925925926
3.4411111111111112
3.8496296296296295
3.932962962962963
4.208333333333333
4.207777777777777
3.669259259259259
4.452222222222222
3.6053703703703706
3.6435185185185186
3.981851851851852
4.3731481481481485
3.3753703703703706
3.746111111111111
4.121296296296296
3.334814814814815
3.377222222222222
3.670925925925926
3.4074074074074074
3.5548148148148146
3.716666666666667
3.598148148148148
3.554074074074074
3.2114814814814814
3.982037037037037
4.0216666666666665
3.525185185185185
3.487222222222222
3.5014814814814814
3.543148148148148
3.899074074074074
3.5253703703703705
3.511296296296296
3.874814814814815
3.2842592592592594
3.547037037037037
3.869074074074074
4.217222222222222
3.7668518518518517
3.4585185185185185
3.408148148148148
3.1694444444444443
3.718148148148148
3.6598148148148146
2.9672222222222224
3.3451851851851853
3.268148148148148
3.321296296296296
3.254259259259259
3.2855555555555553
3.1640740740740743
3.1366666666666667
3.5105555555555554
3.6235185185185186
3.903888888888889
3.0301851851851853
3.1775925925925925
3.493333333333333
3.563148148148148
3.534074074074074
3.227962962962963
3.785185185185185
3.1187037037037038
3.348888888888889
3.3085185185185186
3.6259259259259258
3.533888888888889
3.433148148148148
3.4229629629629628
3.427962962962963
3.0444444444444443
3.54462962962963
3.37
3.6535185185185184
3.257962962962963
3.1955555555555555
3.4392592592592592
3.292962962962963
3.2266666666666666
3.3757407407407407
3.3474074074074074
3.1603703703703703
3.2353703703703705
3.3214814814814817
3.1185185185185187
3.151666666666667
3.395925925925926
3.607037037037037
3.0683333333333334
2.906111111111111
3.215
3.4025925925925926
2.96
3.4755555555555557
3.186851851851852
3.092037037037037
3.7398148148148147
3.3474074074074074
3.220925925925926
3.0662962962962963
3.0327777777777776
3.171111111111111
2.797037037037037
2.820925925925926
3.2085185185185185
2.9625925925925927
2.706111111111111
3.132962962962963
3.1577777777777776
3.171851851851852
3.129814814814815
2.8627777777777776
3.4414814814814814
2.566851851851852
3.064074074074074
3.1146296296296296
3.120925925925926
3.214259259259259
3.031851851851852
3.112222222222222
3.5342592592592594
2.917222222222222
2.8133333333333335
2.967037037037037
3.6346296296296297
3.0992592592592594
2.888333333333333
2.877037037037037
2.8001851851851853
3.2648148148148146
3.1948148148148148
2.9698148148148147
2.8555555555555556
3.0044444444444443
2.948703703703704
3.031111111111111
2.8235185185185183
3.0825925925925928
3.048703703703704
2.8205555555555555
3.308333333333333
3.067222222222222
2.8425925925925926
2.8738888888888887
3.2005555555555554
3.10462962962963
2.9742592592592594
2.8674074074074074
2.8824074074074075
3.3848148148148147
3.1531481481481483
2.982962962962963
2.923703703703704
3.025925925925926
3.06462962962963
2.8516666666666666
2.9764814814814815
3.135
3.6529629629629627
3.1446296296296294
2.9812962962962963
2.881851851851852
2.8914814814814815
2.6085185185185185
2.727222222222222
3.164814814814815
2.4974074074074073
2.7418518518518518
2.9520370370370372
3.147222222222222
2.8394444444444447
2.5946296296296296
2.866111111111111
2.7185185185185183
2.8105555555555557
2.772777777777778
3.0596296296296295
2.8344444444444443
2.9096296296296296
3.203148148148148
2.877222222222222
2.658148148148148
2.9085185185185187
2.625
2.6794444444444445
2.95537037037037
2.9394444444444443
2.7848148148148146
2.7185185185185183
2.388333333333333
2.6412962962962965
2.757037037037037
2.5844444444444443
2.645185185185185
2.948888888888889
2.615
2.8316666666666666
2.427962962962963
2.705925925925926
2.525
2.9885185185185184
2.711851851851852
2.6483333333333334
2.94
2.4266666666666667
2.644814814814815
2.645925925925926
2.8385185185185184
2.4444444444444446
2.7755555555555556
2.3803703703703705
3.06462962962963
2.524259259259259
2.5081481481481482
2.7585185185185184
2.4409259259259257
2.6240740740740742
2.489074074074074
2.354074074074074
2.3724074074074073
2.570925925925926
2.4112962962962965
2.9792592592592593
2.3305555555555557
2.85462962962963
2.7975925925925926
2.9046296296296297
2.6287037037037035
2.52462962962963
2.7781481481481483
2.565
2.4974074074074073
2.7862962962962965
2.9451851851851854
2.5594444444444444
2.4962962962962965
2.5725925925925925
2.4987037037037036
2.544259259259259
2.7055555555555557
2.562777777777778
2.3583333333333334
2.82
2.6314814814814813
2.3783333333333334
2.7333333333333334
2.5625925925925928
2.6731481481481483
2.4633333333333334
2.64
2.664814814814815
2.29
2.6094444444444442
2.593148148148148
2.3694444444444445
2.4901851851851853
2.472777777777778
2.423703703703704
2.2183333333333333
2.651666666666667
2.462037037037037
2.627962962962963
2.526111111111111
2.330925925925926
2.3181481481481483
2.3648148148148147
2.3601851851851854
2.490740740740741
2.537962962962963
2.2531481481481483
2.3777777777777778
2.6642592592592593
2.3194444444444446
2.387037037037037
2.3946296296296294
2.4444444444444446
2.3214814814814817
2.1398148148148146
2.560185185185185
2.3137037037037036
2.3125925925925928
