1.1098148148148148
1.2242592592592592
1.0503703703703704
1.0425925925925925
1.1011111111111112
0.9662962962962963
0.9768518518518519
0.8138888888888889
0.8340740740740741
0.774074074074074
0.9581481481481482
0.9925925925925926
0.8303703703703704
0.8664814814814815
0.8762962962962964
0.9462962962962963
0.8805555555555555
0.9062962962962963
0.7085185185185185
0.8116666666666666
0.63
0.7833333333333333
0.7883333333333333
0.7374074074074074
0.7927777777777778
0.7959259259259259
0.7674074074074074
0.6798148148148148
0.7237037037037037
0.687037037037037
0.6016666666666667
0.6212962962962963
0.5968518518518519
0.602037037037037
0.6424074074074074
0.6944444444444444
0.602037037037037
0.597037037037037
0.7588888888888888
0.7048148148148148
0.6566666666666666
0.6968518518518518
0.7312962962962963
0.6155555555555555
0.517962962962963
0.5268518518518519
0.5792592592592593
0.6040740740740741
0.7105555555555556
0.5016666666666667
