330.3825925925926
218.02333333333334
196.7925925925926
281.2248148148148
155.0688888888889
195.35111111111112
176.88092592592594
266.9738888888889
330.9472222222222
169.22962962962964
199.58962962962963
174.25833333333333
143.32222222222222
247.45296296296297
321.62018518518516
176.71296296296296
88.02296296296296
135.07018518518518
146.63296296296295
122.26407407407407
294.4588888888889
247.46333333333334
238.83555555555554
256.16592592592593
88.41555555555556
268.6968518518519
274.2762962962963
86.94796296296296
209.3912962962963
207.06833333333333
103.13722222222222
117.31777777777778
266.022037037037
109.74574074074074
179.4011111111111
165.25925925925927
196.53259259259258
160.0837037037037
209.13722222222222
166.37833333333333
222.6685185185185
189.9914814814815
117.64407407407407
98.5212962962963
192.61407407407407
116.02777777777777
247.50518518518518
119.37611111111111
217.08092592592592
224.2585185185185
127.96111111111111
139.66185185185185
134.12907407407408
159.77055555555555
233.7875925925926
223.76981481481482
207.07962962962964
79.46388888888889
198.2198148148148
101.23777777777778
184.6474074074074
215.95018518518518
101.69574074074075
138.13962962962964
146.25648148148147
180.09740740740742
116.96962962962964
170.01907407407407
68.5512962962963
260.33629629629627
107.8624074074074
174.27351851851853
150.18333333333334
122.85537037037037
124.14537037037037
133.32203703703703
119.7975925925926
200.3175925925926
178.78037037037038
82.09222222222222
145.6688888888889
142.95037037037036
157.94166666666666
84.18185185185185
134.30833333333334
191.39018518518517
130.97314814814814
72.30444444444444
149.98314814814816
167.80833333333334
113.20444444444445
140.25796296296295
82.56574074074074
238.28444444444443
101.01537037037038
168.38592592592593
140.76
64.82814814814814
171.25833333333333
126.05351851851852
78.78185185185185
141.17185185185184
88.65185185185184
105.25962962962963
147.54055555555556
155.27462962962963
66.48370370370371
83.72259259259259
48.2037037037037
182.94444444444446
175.9651851851852
62.88425925925926
88.045
107.69925925925926
126.72703703703704
53.245370370370374
106.72092592592593
150.38648148148147
93.27944444444445
166.97666666666666
51.932037037037034
87.125
78.73462962962962
49.35981481481482
48.11592592592593
64.44074074074074
134.13074074074075
132.195
147.55351851851853
62.86851851851852
59.083333333333336
131.73296296296297
77.61259259259259
82.93388888888889
99.35092592592592
61.325185185185184
56.14222222222222
95.76648148148148
168.15944444444443
82.9011111111111
191.97555555555556
72.0387037037037
61.03259259259259
61.56296296296296
52.71592592592592
158.6114814814815
75.41166666666666
140.04111111111112
149.31703703703704
147.21370370370371
78.69666666666667
89.87666666666667
68.6061111111111
84.27574074074074
112.12796296296297
81.54851851851852
92.27185185185185
160.1062962962963
117.48481481481481
68.95296296296296
162.82555555555555
65.12777777777778
68.77018518518518
97.81574074074074
84.44462962962963
76.35648148148148
60.48685185185185
100.61851851851851
56.94314814814815
60.48277777777778
71.32018518518518
74.54425925925926
52.416666666666664
110.42944444444444
84.82907407407407
45.87611111111111
42.015
100.96555555555555
112.55444444444444
37.33296296296297
124.95055555555555
82.9675925925926
66.645
115.35203703703704
47.28648148148148
127.88555555555556
116.61833333333334
52.432037037037034
54.553703703703704
64.98314814814815
67.28407407407407
50.34740740740741
83.52648148148148
36.467777777777776
97.63018518518518
41.04814814814815
73.05074074074074
89.03277777777778
52.132407407407406
47.501666666666665
36.50111111111111
123.715
47.973703703703706
72.17444444444445
168.69351851851852
59.66074074074074
128.375
103.06185185185186
39.20518518518519
93.49
43.291296296296295
124.1875925925926
35.7837037037037
53.967592592592595
45.85907407407407
33.13703703703704
87.47074074074074
41.77055555555555
31.27314814814815
130.6625925925926
53.45037037037037
43.96925925925926
53.32370370370371
42.022222222222226
96.6924074074074
84.06814814814815
111.20407407407407
56.40962962962963
77.3162962962963
47.892407407407404
49.065925925925924
52.69425925925926
94.58
44.407037037037036
49.52611111111111
50.434814814814814
92.82203703703703
93.13092592592592
47.07259259259259
77.48074074074074
77.22092592592593
81.0774074074074
42.14740740740741
34.71
72.62685185185185
77.16722222222222
39.17703703703704
40.852037037037036
35.50833333333333
93.85666666666667
33.82685185185185
46.75
34.49944444444444
72.45037037037036
75.75166666666667
39.26203703703704
74.01388888888889
36.53648148148148
40.583703703703705
31.414814814814815
35.733333333333334
57.40777777777778
36.37240740740741
29.960555555555555
37.86944444444445
31.80962962962963
94.59851851851852
67.34703703703704
39.51166666666666
36.98759259259259
86.84074074074074
71.50759259259259
71.81703703703704
38.129814814814814
43.45481481481482
50.00925925925926
113.13388888888889
35.678333333333335
33.37870370370371
45.84777777777778
83.06648148148147
29.062962962962963
67.36888888888889
30.51037037037037
93.76648148148148
40.153333333333336
86.74166666666666
46.370555555555555
35.169444444444444
35.87259259259259
32.65296296296296
42.766481481481485
39.324444444444445
28.31074074074074
36.185
80.08574074074075
61.49962962962963
82.24462962962963
30.944814814814816
31.063703703703705
36.49018518518518
65.20462962962964
38.629629629629626
35.632962962962964
62.2587037037037
67.30685185185185
65.69555555555556
40.64388888888889
32.491851851851855
29.51537037037037
37.56037037037037
35.632407407407406
68.87240740740741
32.42074074074074
35.10703703703704
69.1061111111111
60.66574074074074
58.41425925925926
27.35240740740741
95.75518518518518
32.531666666666666
27.519814814814815
28.450370370370372
68.01703703703704
33.10444444444445
63.41703703703703
32.26425925925926
37.763333333333335
28.981666666666666
61.910555555555554
27.542407407407406
31.544814814814814
32.08833333333333
28.29611111111111
34.337407407407404
39.35333333333333
39.80685185185185
33.55537037037037
35.5312962962963
70.17129629629629
26.62537037037037
39.91851851851852
103.49722222222222
86.9587037037037
29.165925925925926
54.946481481481484
58.79222222222222
66.42777777777778
24.08074074074074
33.75703703703704
67.97462962962963
62.30833333333333
72.00333333333333
23.64814814814815
69.5474074074074
26.79537037037037
28.727592592592593
37.827222222222225
28.67962962962963
35.507222222222225
23.737222222222222
30.942962962962962
58.94777777777778
61.15648148148148
57.7862962962963
22.99
32.01240740740741
32.336481481481485
59.248703703703704
76.44203703703704
79.71018518518518
27.72037037037037
30.246111111111112
34.401296296296294
62.18
31.68
31.723703703703702
54.998333333333335
25.78
48.26314814814815
27.51240740740741
26.99185185185185
24.20277777777778
52.02777777777778
48.40888888888889
26.921296296296298
30.596851851851852
65.55092592592592
28.586111111111112
36.805925925925926
27.61685185185185
26.840925925925927
31.083333333333332
31.137592592592593
52.132407407407406
71.99333333333334
24.041481481481483
53.47537037037037
78.01388888888889
23.107777777777777
35.08722222222222
20.38462962962963
30.39388888888889
28.049444444444443
60.94759259259259
61.543703703703706
27.12814814814815
69.7174074074074
48.787962962962965
31.563333333333333
58.671851851851855
27.74111111111111
26.640555555555554
26.10962962962963
34.35037037037037
27.78814814814815
30.637037037037036
26.315925925925924
23.913333333333334
52.129444444444445
50.76314814814815
25.247777777777777
65.62814814814814
29.351296296296297
28.659259259259258
24.638333333333332
33.4937037037037
28.713703703703704
61.09481481481482
40.590555555555554
66.81481481481481
46.30851851851852
26.92703703703704
51.598703703703706
22.74685185185185
30.412407407407407
58.047222222222224
72.18907407407407
23.652407407407406
26.578703703703702
62.5462962962963
54.53037037037037
27.373333333333335
76.85703703703703
26.244074074074074
27.516296296296296
29.263148148148147
57.425
34.516666666666666
65.26611111111112
31.679259259259258
28.783333333333335
27.574444444444445
58.711851851851854
27.962222222222223
22.367962962962963
50.637962962962966
56.63703703703704
21.586666666666666
24.321666666666665
26.32962962962963
48.751481481481484
25.356666666666666
24.46537037037037
47.59759259259259
25.522222222222222
26.012962962962963
22.264074074074074
31.702037037037037
51.645185185185184
34.37537037037037
59.33037037037037
53.757962962962964
23.974074074074075
28.455185185185186
21.01703703703704
25.531111111111112
28.135
25.944074074074074
21.823703703703703
36.49314814814815
55.71351851851852
32.685
32.54074074074074
24.245
32.49648148148148
57.41648148148148
27.09962962962963
24.59259259259259
26.323888888888888
51.4237037037037
52.90833333333333
19.247962962962962
32.18074074074074
25.98648148148148
28.475555555555555
25.248703703703704
27.842407407407407
26.255
26.29314814814815
