-941598.0
-664007.0
-565302.0
-837623.0
-399377.0
-637002.0
-492155.0
-795248.0
-990758.0
-441865.0
-575632.0
-470999.0
-327882.0
-695233.0
-900642.0
-531726.0
-182284.0
-357918.0
-437841.0
-314861.0
-788989.0
-752611.0
-610446.0
-709538.0
-177564.0
-993036.0
-784554.0
-212435.0
-511138.0
-484656.0
-239580.0
-302675.0
-741355.0
-276470.0
-473948.0
-412762.0
-540275.0
-405438.0
-491276.0
-324811.0
-561829.0
-484738.0
-278670.0
-255347.0
-550094.0
-334401.0
-646971.0
-358897.0
-586630.0
-565781.0
-307004.0
-343635.0
-351634.0
-437495.0
-619633.0
-622076.0
-518555.0
-175799.0
-554692.0
-262035.0
-463756.0
-606027.0
-240758.0
-366756.0
-416332.0
-584844.0
-300377.0
-416433.0
-145900.0
-740404.0
-250850.0
-385207.0
-364394.0
-299961.0
-354600.0
-342288.0
-325927.0
-467717.0
-518069.0
-183493.0
-328822.0
-353640.0
-396248.0
-202152.0
-327314.0
-470026.0
-270863.0
-189650.0
-406742.0
-373653.0
-282458.0
-376420.0
-197894.0
-592500.0
-259725.0
-447688.0
-339874.0
-128756.0
-427505.0
-222209.0
-197457.0
-267936.0
-190980.0
-246737.0
-454429.0
-350043.0
-133996.0
-199338.0
-93490.0
-519368.0
-415773.0
-141977.0
-171207.0
-263610.0
-284276.0
-111991.0
-285097.0
-369571.0
-226102.0
-457062.0
-100432.0
-228360.0
-143501.0
-90834.0
-77188.0
-121221.0
-318811.0
-367438.0
-272909.0
-113761.0
-139827.0
-265296.0
-186384.0
-202595.0
-243117.0
-120480.0
-134972.0
-239777.0
-370223.0
-182282.0
-426892.0
-171537.0
-131490.0
-114718.0
-124537.0
-339732.0
-147029.0
-282067.0
-321095.0
-349116.0
-163931.0
-202148.0
-120817.0
-241907.0
-195356.0
-151342.0
-241890.0
-410784.0
-220758.0
-147014.0
-378913.0
-131291.0
-164494.0
-216968.0
-168172.0
-173581.0
-104589.0
-164536.0
-125573.0
-127388.0
-112711.0
-177602.0
-87983.0
-228924.0
-157107.0
-92335.0
-71436.0
-165937.0
-181808.0
-60459.0
-267652.0
-158411.0
-137261.0
-266615.0
-76593.0
-215327.0
-256177.0
-86731.0
-98180.0
-151602.0
-150320.0
-113615.0
-200453.0
-74094.0
-184910.0
-71042.0
-186898.0
-167359.0
-107206.0
-89983.0
-61285.0
-260505.0
-99257.0
-152953.0
-349506.0
-116129.0
-243713.0
-174974.0
-63590.0
-172225.0
-66972.0
-261011.0
-56796.0
-94718.0
-78977.0
-62250.0
-188281.0
-56590.0
-56095.0
-249255.0
-76637.0
-94345.0
-105071.0
-73058.0
-182068.0
-140218.0
-197096.0
-131770.0
-129503.0
-87165.0
-82650.0
-101599.0
-188986.0
-71873.0
-77253.0
-76840.0
-168302.0
-168021.0
-83415.0
-144286.0
-115875.0
-129031.0
-76147.0
-55689.0
-118288.0
-118863.0
-60538.0
-56934.0
-62539.0
-169427.0
-45684.0
-75631.0
-56618.0
-105724.0
-120461.0
-73006.0
-98798.0
-57170.0
-58591.0
-48935.0
-62718.0
-113219.0
-57872.0
-47058.0
-60578.0
-50167.0
-177568.0
-136706.0
-71449.0
-64347.0
-158617.0
-103802.0
-121468.0
-66200.0
-77953.0
-83118.0
-229189.0
-41726.0
-46080.0
-77090.0
-156558.0
-49041.0
-109010.0
-46640.0
-142600.0
-74140.0
-141692.0
-98951.0
-54074.0
-55463.0
-50408.0
-74341.0
-71595.0
-45432.0
-51900.0
-121774.0
-106225.0
-138274.0
-47737.0
-52387.0
-58151.0
-118777.0
-54391.0
-57796.0
-85740.0
-107300.0
-97697.0
-63706.0
-49921.0
-39395.0
-51904.0
-52291.0
-99462.0
-53405.0
-54529.0
-97976.0
-84300.0
-89098.0
-38375.0
-170976.0
-41900.0
-39815.0
-46485.0
-118520.0
-44098.0
-96470.0
-52180.0
-44937.0
-41003.0
-89137.0
-31000.0
-51737.0
-38273.0
-42387.0
-50131.0
-47801.0
-52720.0
-54429.0
-51011.0
-98499.0
-50338.0
-60873.0
-175798.0
-117296.0
-49684.0
-87448.0
-76106.0
-94799.0
-34232.0
-51482.0
-85714.0
-82817.0
-88066.0
-37383.0
-99114.0
-44162.0
-41401.0
-64613.0
-49565.0
-46525.0
-35067.0
-39043.0
-87036.0
-90890.0
-72537.0
-33476.0
-46234.0
-48410.0
-101952.0
-101743.0
-99639.0
-44805.0
-44998.0
-59001.0
-96310.0
-46619.0
-44157.0
-73268.0
-35299.0
-64228.0
-40023.0
-45737.0
-36352.0
-87296.0
-76571.0
-35178.0
-43329.0
-100613.0
-37524.0
-59809.0
-37138.0
-35014.0
-41370.0
-40640.0
-66396.0
-95498.0
-38911.0
-93035.0
-112608.0
-28226.0
-47632.0
-31164.0
-41432.0
-34519.0
-89663.0
-106048.0
-36538.0
-113415.0
-64810.0
-41401.0
-73728.0
-37223.0
-30632.0
-39063.0
-56225.0
-36224.0
-43874.0
-33044.0
-30555.0
-79406.0
-68244.0
-37114.0
-93035.0
-37182.0
-35030.0
-28360.0
-54433.0
-44303.0
-73981.0
-58519.0
-100457.0
-77703.0
-39500.0
-71548.0
-30424.0
-47640.0
-84766.0
-134404.0
-33318.0
-36279.0
-102971.0
-78107.0
-37816.0
-113181.0
-45539.0
-35497.0
-41075.0
-77253.0
-38780.0
-96854.0
-39815.0
-42895.0
-36430.0
-102195.0
-40483.0
-26142.0
-79642.0
-80330.0
-30094.0
-32253.0
-35516.0
-64528.0
-31056.0
-36390.0
-67538.0
-28593.0
-31878.0
-25213.0
-36886.0
-70565.0
-53878.0
-102779.0
-71596.0
-31150.0
-38819.0
-29623.0
-30536.0
-37350.0
-35768.0
-30282.0
-47558.0
-81226.0
-43986.0
-46125.0
-31236.0
-40439.0
-78013.0
-49511.0
-30083.0
-35890.0
-73988.0
-86645.0
-25676.0
-47278.0
-37379.0
-41794.0
-36626.0
-38154.0
-30101.0
-32896.0
