1784066
1177326
1062680
1518614
837372
1054896
955157
1441659
1787115
913840
1077784
940995
773940
1336246
1736749
954250
475324
729379
791818
660226
1590078
1336302
1289712
1383296
477444
1450963
1481092
469519
1130713
1118169
556941
633516
1436519
592627
968766
892400
1061276
864452
1129341
898443
1202410
1025954
635278
532015
1040116
626550
1336528
644631
1172237
1210996
690990
754174
724297
862761
1262453
1208357
1118230
429105
1070387
546684
997096
1166131
549157
745954
789785
972526
631636
918103
370177
1405816
582457
941077
810990
663419
670385
719939
646907
1081715
965414
443298
786612
771932
852885
454582
725265
1033507
707255
390444
809909
906165
611304
757393
445855
1286736
545483
909284
760104
350072
924795
680689
425422
762328
478720
568402
796719
838483
359012
452102
260300
987900
950212
339575
475443
581576
684326
287525
576293
812087
503709
901674
280433
470475
425167
266543
259826
347980
724306
713853
796789
339490
319050
711358
419108
447843
536495
331156
303168
517139
908061
447666
1036668
389009
329576
332440
284666
856502
407223
756222
806312
794954
424962
485334
370473
455089
605491
440362
498268
864574
634418
372346
879258
351690
371359
528205
456001
412325
326629
543340
307493
326607
385129
402539
283050
596319
458077
247731
226881
545214
607794
201598
674733
448025
359883
622901
255347
690582
629739
283133
294590
350909
363334
271876
451043
196926
527203
221660
394474
480777
281515
256509
197106
668061
259058
389742
910945
322168
693225
556534
211708
504846
233773
670613
193232
291425
247639
178940
472342
225561
168875
705578
288632
237434
287948
226920
522139
453968
600502
304612
417508
258619
264956
284549
510732
239798
267441
272348
501239
502907
254192
418396
416993
437818
227596
187434
392185
416703
211556
220601
191745
506826
182665
252450
186297
391232
409059
212015
399675
197297
219152
169640
192960
310002
196411
161787
204495
171772
510832
363674
213363
199733
468940
386141
387812
205901
234656
270050
610923
192663
180245
247578
448559
156940
363792
164756
506339
216828
468405
250401
189915
193712
176326
230939
212352
152878
195399
432463
332098
444121
167102
167744
197047
352105
208600
192418
336197
363457
354756
219477
175456
159383
202826
192415
371911
175072
189578
373173
327595
315437
147703
517078
175671
148607
153632
367292
178764
342452
174227
203922
156501
334317
148729
170342
173277
152799
185422
212508
214957
181199
191869
378925
143777
215560
558885
469577
157496
296711
317478
358710
130036
182288
367063
336465
388818
127700
375556
144695
155129
204267
154870
191739
128181
167092
318318
330245
312046
124146
172867
174617
319943
412787
430435
149690
163329
185767
335772
171072
171308
296991
139212
260621
148567
145756
130695
280950
261408
145375
165223
353975
154365
198752
149131
144941
167850
168143
281515
388764
129824
288767
421275
124782
189471
110077
164127
151467
329117
332336
146492
376474
263455
170442
316828
149802
143859
140992
185492
150056
165440
142106
129132
281499
274121
136338
354392
158497
154760
133047
180866
155054
329912
219189
360800
250066
145406
278633
122833
164227
313455
389821
127723
143525
337750
294464
147816
415028
141718
148588
158021
310095
186390
352437
171068
155430
148902
317044
150996
120787
273445
305840
116568
131337
142180
263258
136926
132113
257027
137820
140470
120226
171191
278884
185627
320384
290293
129460
153658
113492
137868
151929
140098
117848
197063
300853
176499
175720
130923
175481
310049
146338
132800
142149
277688
285705
103939
173776
140327
153768
136343
150349
141777
141983
