9.159444444444444
7.12962962962963
13.446666666666667
10.656666666666666
6.432037037037037
7.157037037037037
5.7027777777777775
4.270740740740741
6.8335185185185185
5.932222222222222
5.365
7.847222222222222
4.974074074074074
13.225185185185186
5.130925925925926
6.016666666666667
5.950555555555556
5.964074074074074
3.922037037037037
4.965925925925926
4.87925925925926
5.135185185185185
5.041666666666667
4.255925925925926
4.456111111111111
5.079814814814815
4.761851851851852
4.226481481481481
4.101481481481481
4.894444444444445
3.811111111111111
4.511481481481481
4.65537037037037
3.476111111111111
3.3225925925925925
7.564629629629629
4.083148148148148
3.639074074074074
4.413703703703704
6.292407407407407
3.2775925925925926
3.3577777777777778
2.9427777777777777
3.33037037037037
4.118148148148149
3.5183333333333335
3.4827777777777778
4.017037037037037
3.1485185185185185
2.8274074074074074
2.8244444444444445
2.7527777777777778
3.0966666666666667
2.9185185185185185
3.9383333333333335
2.7707407407407407
3.094074074074074
2.8338888888888887
2.9985185185185186
2.7507407407407407
3.6624074074074073
2.6033333333333335
2.694074074074074
2.1635185185185186
2.5505555555555555
2.5883333333333334
2.3722222222222222
2.216851851851852
2.9112962962962965
2.772222222222222
2.127962962962963
2.444074074074074
2.4594444444444443
2.817037037037037
2.4194444444444443
2.2642592592592594
2.105185185185185
3.0027777777777778
1.8488888888888888
2.0594444444444444
3.0277777777777777
2.2494444444444444
2.398888888888889
2.055740740740741
2.053888888888889
3.1464814814814814
2.4298148148148146
2.455
2.5237037037037036
2.0590740740740743
1.6535185185185186
1.9011111111111112
2.2403703703703703
2.2892592592592593
2.1014814814814815
2.094259259259259
1.6968518518518518
2.214814814814815
1.8603703703703705
1.7812962962962964
