49461
38500
72612
57546
34733
38648
30795
23062
36901
32034
28971
42375
26860
71416
27707
32490
32133
32206
21179
26816
26348
27730
27225
22982
24063
27431
25714
22823
22148
26430
20580
24362
25139
18771
17942
40849
22049
19651
23834
33979
17699
18132
15891
17984
22238
18999
18807
21692
17002
15268
15252
14865
16722
15760
21267
14962
16708
15303
16192
14854
19777
14058
14548
11683
13773
13977
12810
11971
15721
14970
11491
13198
13281
15212
13065
12227
11368
16215
9984
11121
16350
12147
12954
11101
11091
16991
13121
13257
13628
11119
8929
10266
12098
12362
11348
11309
9163
11960
10046
9619
