-16959.0
-15497.0
-39266.0
-27596.0
-11473.0
-12792.0
-12657.0
-9498.0
-11662.0
-13910.0
-13153.0
-11618.0
-12080.0
-26636.0
-9074.0
-14080.0
-12882.0
-14239.0
-6514.0
-11196.0
-12738.0
-13271.0
-10347.0
-11515.0
-9539.0
-11411.0
-10014.0
-7732.0
-9095.0
-9099.0
-9750.0
-11256.0
-8502.0
-8034.0
-5986.0
-13365.0
-8750.0
-8259.0
-9194.0
-8818.0
-5800.0
-6626.0
-5979.0
-6886.0
-6961.0
-7308.0
-6524.0
-7749.0
-5361.0
-5659.0
-5424.0
-5391.0
-6545.0
-5119.0
-6940.0
-5879.0
-4692.0
-5998.0
-5233.0
-5054.0
-5593.0
-5325.0
-4949.0
-4097.0
-5018.0
-4404.0
-5106.0
-3587.0
-6313.0
-4334.0
-3958.0
-4856.0
-4948.0
-4819.0
-4034.0
-3344.0
-3610.0
-5176.0
-2802.0
-3804.0
-4202.0
-3685.0
-3238.0
-3477.0
-3584.0
-4823.0
-4074.0
-3647.0
-3744.0
-3152.0
-2730.0
-2781.0
-3406.0
-3627.0
-3176.0
-2724.0
-2315.0
-4141.0
-2603.0
-2888.0
