8.221666666666666
11.33074074074074
9.76537037037037
15.98537037037037
7.325925925925926
13.581666666666667
16.877777777777776
16.50925925925926
7.211111111111111
10.805925925925926
14.291851851851852
15.178148148148148
8.553148148148148
8.824444444444444
12.06925925925926
5.291851851851852
7.662037037037037
8.790555555555555
28.14314814814815
19.953703703703702
9.17925925925926
13.732962962962963
16.122777777777777
15.802407407407408
5.017037037037037
6.646111111111111
8.562407407407408
8.255925925925926
14.618333333333334
10.724444444444444
6.228888888888889
8.804814814814815
10.373703703703704
16.12388888888889
7.83537037037037
15.62037037037037
6.973703703703704
9.547037037037038
12.158888888888889
22.117037037037036
8.222592592592592
18.371111111111112
7.007407407407407
7.555555555555555
9.697777777777778
5.833888888888889
5.687962962962963
7.047037037037037
8.379444444444445
5.553148148148148
6.514074074074074
7.92962962962963
6.438518518518518
12.812592592592592
11.79111111111111
7.536296296296296
11.508888888888889
8.741666666666667
8.322222222222223
6.881296296296297
5.381111111111111
7.684444444444445
8.481111111111112
9.879444444444445
7.017407407407408
4.570555555555556
6.764444444444444
5.332037037037037
6.984814814814815
11.53111111111111
6.140555555555555
10.981851851851852
7.3281481481481485
4.903148148148148
8.129444444444445
6.667592592592593
7.327222222222222
10.514074074074074
6.566111111111111
8.895
25.963703703703704
5.87037037037037
5.86537037037037
7.468703703703704
7.095
12.78462962962963
7.644444444444445
6.095185185185185
5.682407407407408
10.841851851851851
5.205185185185186
6.533148148148148
5.993333333333333
18.19388888888889
6.109814814814815
6.856296296296296
6.7662962962962965
6.780555555555556
12.937777777777777
6.491851851851852
5.945185185185185
14.35462962962963
6.792407407407407
6.247037037037037
7.724814814814815
6.353518518518518
5.951296296296296
5.315925925925926
5.238518518518519
5.493148148148149
5.388518518518518
7.008333333333334
5.153518518518519
4.765555555555555
7.926111111111111
4.968518518518518
5.828703703703703
6.341666666666667
5.146851851851852
5.697592592592593
6.167222222222223
4.65962962962963
5.932407407407408
4.596111111111111
5.626296296296296
6.336296296296296
5.5616666666666665
4.599074074074074
5.901851851851852
5.347777777777778
3.7692592592592593
7.761666666666667
5.686851851851852
5.179814814814815
4.017407407407408
5.711666666666667
5.782222222222222
5.111481481481482
4.0959259259259255
5.151111111111111
4.158333333333333
5.080555555555556
4.4151851851851855
6.315555555555555
4.897962962962963
6.2155555555555555
5.082222222222223
4.427777777777778
4.137222222222222
4.865
4.751666666666667
4.815185185185185
6.064259259259259
6.903518518518519
3.861851851851852
6.111481481481482
4.544444444444444
4.5018518518518515
6.461481481481481
4.182592592592592
5.605740740740741
4.0468518518518515
3.8898148148148146
4.205185185185186
3.5953703703703703
5.307777777777778
5.276296296296296
4.637037037037037
3.9448148148148148
4.051296296296297
4.541851851851852
3.7688888888888887
6.044444444444444
4.938703703703704
4.357592592592592
4.05462962962963
4.3748148148148145
3.44
4.627037037037037
3.3114814814814815
4.382592592592593
6.728703703703704
4.216851851851852
4.045
3.235
4.739259259259259
3.6857407407407408
3.9433333333333334
3.613703703703704
3.124814814814815
5.062777777777778
5.216111111111111
5.57537037037037
3.810185185185185
3.8292592592592594
4.975370370370371
4.536481481481482
4.79462962962963
2.7916666666666665
3.279259259259259
3.9525925925925924
3.16537037037037
3.734259259259259
3.5674074074074076
4.707037037037037
3.2333333333333334
4.104814814814815
3.587962962962963
3.8253703703703703
3.3814814814814813
3.5744444444444445
3.309814814814815
3.3918518518518517
3.60462962962963
2.9185185185185185
3.110925925925926
3.069074074074074
3.4475925925925925
3.3983333333333334
4.015555555555555
3.9
3.5075925925925926
3.4183333333333334
3.174074074074074
3.7255555555555557
3.2335185185185185
4.214074074074074
2.9542592592592594
3.687962962962963
3.7822222222222224
3.0453703703703705
3.6331481481481482
3.117777777777778
3.4224074074074076
3.130925925925926
2.970925925925926
2.7468518518518517
2.9124074074074073
3.5612962962962964
3.4735185185185187
2.896851851851852
2.909074074074074
3.5853703703703705
3.726111111111111
3.341851851851852
3.0814814814814815
3.287962962962963
2.6585185185185187
3.121111111111111
3.036111111111111
2.7309259259259258
3.235
3.5907407407407406
2.9985185185185186
3.2220370370370373
2.868333333333333
3.235
2.513333333333333
2.9029629629629627
3.0964814814814816
3.854074074074074
2.8268518518518517
2.8794444444444443
3.6905555555555556
3.0437037037037036
2.8335185185185185
2.5994444444444444
3.0572222222222223
3.955
2.6035185185185186
2.9516666666666667
2.7405555555555554
2.793148148148148
2.7896296296296295
2.734814814814815
3.0101851851851853
3.140925925925926
2.635925925925926
2.933148148148148
2.364074074074074
2.9212962962962963
2.9166666666666665
3.2468518518518517
2.7844444444444445
2.487962962962963
2.6712962962962963
2.8577777777777778
2.591666666666667
2.7109259259259257
2.952777777777778
2.866111111111111
3.3740740740740742
2.87
2.994074074074074
2.783333333333333
3.048703703703704
2.965
2.77462962962963
2.8894444444444445
3.0996296296296295
2.616296296296296
2.455925925925926
3.1857407407407408
2.499814814814815
2.68962962962963
2.83
2.801851851851852
2.4853703703703705
2.424259259259259
2.504814814814815
2.670185185185185
2.4174074074074072
2.4157407407407407
2.5924074074074075
2.5062962962962962
2.5681481481481483
2.329814814814815
2.977222222222222
2.3475925925925925
2.687222222222222
2.767777777777778
2.7562962962962962
2.3827777777777777
3.1224074074074073
2.3485185185185187
2.3757407407407407
2.867777777777778
2.7307407407407407
2.227037037037037
2.342962962962963
2.328148148148148
2.402037037037037
2.6735185185185184
2.14962962962963
2.517037037037037
2.4996296296296294
2.105
2.288148148148148
2.803888888888889
2.3603703703703705
2.4475925925925925
2.5314814814814817
2.3505555555555557
2.6585185185185187
2.272037037037037
2.4005555555555556
2.468148148148148
3.1553703703703704
2.3272222222222223
2.7383333333333333
2.5546296296296296
2.373148148148148
2.02462962962963
2.2711111111111113
2.3875925925925925
2.0503703703703704
2.4837037037037035
2.8514814814814815
2.115925925925926
2.075
2.055925925925926
2.426111111111111
2.231851851851852
2.147777777777778
2.5661111111111112
2.1412962962962965
2.299074074074074
2.08
2.393148148148148
2.255
2.2575925925925926
2.1481481481481484
2.1212962962962965
2.098333333333333
2.352777777777778
2.4424074074074076
2.1233333333333335
2.4492592592592595
2.188888888888889
2.1444444444444444
2.272037037037037
1.9525925925925927
1.9461111111111111
2.1622222222222223
2.4525925925925924
2.4031481481481483
2.3575925925925927
2.1744444444444446
2.2394444444444446
2.0405555555555557
1.95
2.131851851851852
1.972962962962963
2.223888888888889
2.111851851851852
2.2979629629629628
1.9670370370370371
2.132037037037037
2.1374074074074074
2.1622222222222223
2.196296296296296
1.952962962962963
2.184814814814815
2.22962962962963
2.4477777777777776
2.0124074074074074
2.0575925925925924
2.0770370370370372
1.8825925925925926
2.247962962962963
2.3133333333333335
1.8177777777777777
2.1794444444444445
2.4053703703703704
1.7785185185185186
1.9961111111111112
1.8133333333333332
2.160740740740741
1.8946296296296297
2.1061111111111113
1.9294444444444445
2.0772222222222223
2.229814814814815
1.732962962962963
2.2925925925925927
1.6303703703703705
1.7681481481481482
1.8774074074074074
1.7775925925925926
1.823888888888889
2.281851851851852
1.8287037037037037
1.789074074074074
1.960925925925926
1.8488888888888888
1.797037037037037
1.858148148148148
1.8701851851851852
1.8385185185185184
1.795
2.218888888888889
2.1531481481481483
1.797962962962963
2.0405555555555557
1.8805555555555555
1.647037037037037
1.7862962962962963
1.9614814814814814
1.8244444444444445
1.9792592592592593
2.008888888888889
1.9292592592592592
1.7962962962962963
2.3112962962962964
1.8187037037037037
1.8040740740740742
1.8312962962962962
1.8066666666666666
2.1464814814814814
1.7694444444444444
1.7001851851851852
2.074074074074074
1.5437037037037038
1.8220370370370371
2.1155555555555554
1.715
1.8846296296296297
1.925185185185185
1.7301851851851853
1.6592592592592592
1.6664814814814815
2.0124074074074074
1.8494444444444444
1.6959259259259258
1.788148148148148
1.7816666666666667
1.674074074074074
1.7431481481481481
1.838148148148148
1.8537037037037036
1.4925925925925927
1.6796296296296296
1.5492592592592593
1.924074074074074
1.7103703703703703
1.6985185185185185
1.7853703703703703
1.7322222222222223
1.6681481481481482
1.665185185185185
1.9135185185185186
1.604814814814815
1.6948148148148148
1.7062962962962962
1.6137037037037036
1.6944444444444444
1.6157407407407407
1.6390740740740741
1.6383333333333334
1.5598148148148148
