44397
61186
52733
86321
39560
73341
91140
89150
38940
58352
77176
81962
46187
47652
65174
28576
41375
47469
151973
107750
49568
74158
87063
85333
27092
35889
46237
44582
78939
57912
33636
47546
56018
87069
42311
84350
37658
51554
65658
119432
44402
99204
37840
40800
52368
31503
30715
38054
45249
29987
35176
42820
34768
69188
63672
40696
62148
47205
44940
37159
29058
41496
45798
53349
37894
24681
36528
28793
37718
62268
33159
59302
39572
26477
43899
36005
39567
56776
35457
48033
140204
31700
31673
40331
38313
69037
41280
32914
30685
58546
28108
35279
32364
98247
32993
37024
36538
36615
69864
35056
32104
77515
36679
33734
41714
34309
32137
28706
28288
29663
29098
37845
27829
25734
42801
26830
31475
34245
27793
30767
33303
25162
32035
24819
30382
34216
30033
24835
31870
28878
20354
41913
30709
27971
21694
30843
31224
27602
22118
27816
22455
27435
23842
34104
26449
33564
27444
23910
22341
26271
25659
26002
32747
37279
20854
33002
24540
24310
34892
22586
30271
21853
21005
22708
19415
28662
28492
25040
21302
21877
24526
20352
32640
26669
23531
21895
23624
18576
24986
17882
23666
36335
22771
21843
17469
25592
19903
21294
19514
16874
27339
28167
30107
20575
20678
26867
24497
25891
15075
17708
21344
17093
20165
19264
25418
17460
22166
19375
20657
18260
19302
17873
18316
19465
15760
16799
16573
18617
18351
21684
21060
18941
18459
17140
20118
17461
22756
15953
19915
20424
16445
19619
16836
18481
16907
16043
14833
15727
19231
18757
15643
15709
19361
20121
18046
16640
17755
14356
16854
16395
14747
17469
19390
16192
17399
15489
17469
13572
15676
16721
20812
15265
15549
19929
16436
15301
14037
16509
21357
14059
15939
14799
15083
15064
14768
16255
16961
14234
15839
12766
15775
15750
17533
15036
13435
14425
15432
13995
14639
15945
15477
18220
15498
16168
15030
16463
16011
14983
15603
16738
14128
13262
17203
13499
14524
15282
15130
13421
13091
13526
14419
13054
13045
13999
13534
13868
12581
16077
12677
14511
14946
14884
12867
16861
12682
12829
15486
14746
12026
12652
12572
12971
14437
11608
13592
13498
11367
12356
15141
12746
13217
13670
12693
14356
12269
12963
13328
17039
12567
14787
13795
12815
10933
12264
12893
11072
13412
15398
11426
11205
11102
13101
12052
11598
13857
11563
12415
11232
12923
12177
12191
11600
11455
11331
12705
13189
11466
13226
11820
11580
12269
10544
10509
11676
13244
12977
12731
11742
12093
11019
10530
11512
10654
12009
11404
12409
10622
11513
11542
11676
11860
10546
11798
12040
13218
10867
11111
11216
10166
12139
12492
9816
11769
12989
9604
10779
9792
11668
10231
11373
10419
11217
12041
9358
12380
8804
9548
10138
9599
9849
12322
9875
9661
10589
9984
9704
10034
10099
9928
9693
11982
11627
9709
11019
10155
8894
9646
10592
9852
10688
10848
10418
9700
12481
9821
9742
9889
9756
11591
9555
9181
11200
8336
9839
11424
9261
10177
10396
9343
8960
8999
10867
9987
9158
9656
9621
9040
9413
9926
10010
8060
9070
8366
10390
9236
9172
9641
9354
9008
8992
10333
8666
9152
9214
8714
9150
8725
8851
8847
8423
