-30481.0
-45579.0
-35499.0
-67357.0
-27454.0
-54054.0
-72196.0
-67782.0
-27709.0
-40976.0
-57800.0
-60641.0
-33495.0
-34502.0
-46141.0
-19579.0
-29544.0
-33390.0
-120686.0
-84647.0
-34725.0
-55305.0
-58474.0
-63479.0
-17720.0
-24781.0
-33006.0
-31200.0
-57509.0
-41998.0
-22081.0
-33554.0
-42887.0
-63019.0
-30331.0
-53749.0
-26090.0
-37846.0
-47545.0
-82606.0
-32106.0
-75815.0
-26340.0
-29185.0
-37926.0
-22017.0
-19759.0
-25782.0
-30476.0
-20546.0
-24127.0
-31260.0
-24009.0
-49383.0
-44890.0
-28822.0
-43409.0
-32843.0
-32925.0
-25167.0
-18604.0
-28849.0
-33501.0
-40550.0
-26351.0
-16773.0
-25227.0
-19171.0
-25927.0
-43431.0
-23059.0
-44553.0
-27276.0
-17292.0
-32489.0
-26361.0
-28316.0
-40496.0
-24865.0
-34749.0
-99710.0
-22246.0
-21330.0
-28530.0
-27012.0
-45885.0
-26447.0
-23238.0
-21070.0
-41315.0
-19108.0
-25060.0
-21935.0
-66362.0
-22144.0
-26764.0
-26191.0
-25339.0
-47937.0
-25063.0
-22364.0
-50472.0
-26208.0
-22762.0
-29121.0
-21716.0
-22374.0
-17906.0
-17460.0
-18630.0
-19828.0
-26786.0
-18420.0
-17326.0
-27824.0
-17800.0
-22256.0
-22921.0
-18314.0
-20229.0
-23169.0
-16053.0
-22614.0
-15876.0
-19880.0
-23201.0
-20712.0
-16041.0
-21790.0
-18532.0
-11858.0
-26795.0
-21348.0
-19105.0
-13438.0
-20624.0
-20919.0
-18707.0
-14108.0
-18781.0
-13140.0
-18810.0
-15668.0
-23560.0
-16538.0
-22052.0
-18809.0
-15032.0
-14518.0
-17198.0
-16656.0
-16716.0
-22155.0
-25730.0
-12293.0
-22053.0
-15986.0
-15733.0
-24466.0
-14206.0
-18074.0
-12890.0
-13361.0
-14536.0
-10956.0
-17954.0
-19396.0
-15376.0
-12706.0
-13580.0
-14925.0
-12413.0
-20661.0
-16166.0
-14822.0
-13908.0
-14796.0
-10206.0
-14279.0
-10127.0
-12888.0
-21901.0
-14606.0
-12587.0
-10657.0
-16277.0
-11748.0
-13537.0
-11689.0
-9746.0
-17219.0
-19563.0
-20299.0
-12391.0
-12266.0
-17811.0
-16042.0
-14905.0
-8449.0
-10046.0
-12681.0
-9820.0
-11391.0
-11431.0
-14845.0
-10339.0
-12956.0
-10886.0
-12800.0
-10719.0
-11679.0
-10466.0
-10639.0
-11691.0
-8056.0
-9399.0
-9782.0
-10398.0
-10282.0
-13214.0
-12814.0
-11278.0
-11042.0
-9826.0
-11247.0
-9987.0
-12974.0
-8938.0
-12175.0
-12363.0
-9153.0
-11523.0
-9595.0
-11007.0
-10220.0
-9359.0
-8201.0
-8900.0
-11335.0
-10146.0
-8499.0
-9211.0
-11548.0
-11475.0
-9887.0
-9010.0
-9963.0
-7054.0
-9103.0
-9219.0
-8073.0
-9732.0
-11210.0
-9323.0
-9891.0
-7711.0
-8161.0
-7223.0
-8429.0
-9234.0
-11955.0
-7939.0
-7875.0
-12057.0
-9032.0
-8487.0
-7102.0
-9255.0
-11599.0
-7440.0
-8516.0
-7137.0
-8378.0
-9041.0
-7634.0
-8964.0
-8438.0
-7723.0
-8931.0
-6232.0
-8302.0
-8724.0
-10736.0
-7303.0
-6742.0
-7717.0
-8289.0
-7391.0
-7999.0
-8225.0
-8829.0
-10549.0
-8510.0
-8682.0
-7976.0
-8659.0
-8725.0
-8006.0
-8881.0
-9256.0
-7573.0
-6054.0
-9920.0
-7409.0
-7386.0
-7479.0
-7183.0
-6386.0
-6144.0
-6741.0
-7566.0
-6845.0
-6134.0
-6279.0
-7255.0
-6237.0
-5835.0
-8767.0
-6187.0
-7769.0
-8268.0
-8125.0
-6362.0
-8417.0
-6025.0
-6165.0
-8192.0
-7476.0
-5733.0
-7049.0
-6610.0
-6441.0
-8676.0
-5589.0
-6965.0
-6857.0
-5905.0
-5867.0
-8100.0
-6072.0
-6585.0
-6708.0
-6414.0
-6338.0
-6206.0
-6734.0
-6782.0
-8830.0
-6033.0
-7460.0
-6225.0
-5929.0
-4424.0
-5576.0
-5780.0
-5290.0
-6646.0
-7591.0
-4937.0
-5158.0
-5475.0
-6312.0
-5278.0
-5011.0
-6043.0
-5129.0
-5311.0
-5172.0
-6042.0
-4717.0
-5826.0
-5963.0
-5207.0
-5284.0
-6029.0
-6174.0
-5220.0
-5271.0
-5408.0
-5107.0
-5971.0
-4584.0
-4576.0
-5168.0
-5764.0
-6636.0
-6566.0
-5710.0
-5587.0
-4903.0
-4463.0
-5281.0
-4968.0
-6254.0
-4983.0
-5313.0
-4585.0
-4655.0
-4721.0
-5001.0
-5251.0
-4545.0
-5271.0
-5478.0
-5717.0
-4756.0
-4916.0
-4706.0
-4322.0
-5462.0
-5280.0
-3809.0
-5312.0
-6718.0
-4438.0
-4361.0
-4537.0
-5334.0
-4654.0
-4635.0
-4336.0
-5123.0
-4452.0
-4399.0
-5540.0
-3534.0
-4347.0
-4617.0
-4128.0
-4121.0
-5104.0
-4039.0
-3728.0
-4088.0
-4125.0
-3783.0
-4633.0
-3963.0
-4333.0
-4098.0
-5769.0
-4723.0
-4223.0
-4163.0
-4307.0
-3614.0
-3899.0
-4624.0
-3971.0
-4399.0
-4743.0
-4528.0
-3843.0
-4824.0
-4542.0
-4287.0
-3954.0
-4126.0
-5369.0
-3984.0
-3795.0
-4021.0
-3460.0
-4170.0
-4383.0
-3585.0
-4043.0
-4108.0
-3506.0
-3395.0
-3847.0
-4301.0
-3663.0
-3777.0
-3591.0
-4275.0
-3705.0
-3988.0
-4269.0
-4261.0
-3114.0
-3602.0
-3297.0
-3717.0
-3495.0
-3387.0
-3771.0
-3714.0
-3384.0
-3668.0
-4312.0
-3450.0
-3550.0
-3520.0
-3398.0
-3459.0
-3048.0
-3602.0
-3621.0
-3229.0
