-24934.0
-38329.0
-28193.0
-29770.0
-31298.0
-24585.0
-32591.0
-15603.0
-52921.0
-18550.0
-20311.0
-23074.0
-19833.0
-20710.0
-20617.0
-23864.0
-21314.0
-15381.0
-16275.0
-12197.0
-16613.0
-14251.0
-19882.0
-16822.0
-18459.0
-15708.0
-15963.0
-13290.0
-16949.0
-13402.0
-10992.0
-12835.0
-13935.0
-17356.0
-14828.0
-13723.0
-10473.0
-9286.0
-10658.0
-10346.0
-12892.0
-10308.0
-10799.0
-9062.0
-10471.0
-10769.0
-9557.0
-9144.0
-10842.0
-9275.0
-7907.0
-9603.0
-9101.0
-8289.0
-7611.0
-11393.0
-7501.0
-8213.0
-6468.0
-8978.0
-9789.0
-8393.0
-8487.0
-7061.0
-6450.0
-6648.0
-6941.0
-6256.0
-6442.0
-7650.0
-6516.0
-6620.0
-6299.0
-6810.0
-7070.0
-6853.0
-6914.0
-5693.0
-6131.0
-6073.0
-5049.0
-5514.0
-5453.0
-5075.0
-5225.0
-5053.0
-6451.0
-4899.0
-5506.0
-5008.0
-4836.0
-5071.0
-5064.0
-4647.0
-4814.0
-5173.0
-4602.0
-4293.0
-4902.0
-4311.0
