7.336768933589413
4.55876923076923
1.7806353391821705
1.7806356730767927
12.892635673076793
15.670769230769196
15.45707692307692
1.0861209817286823
9.889359467099984
1.77542658834587
4.558769230769198
7.336769230769231
4.558635339161824
7.123063567286823
12.587321598451306
4.552839135673072
1.7806353391826921
4.558765891819977
1.0862658916182248
10.114635673076924
10.114769147295673
1.7807655570979044
1.775426555793268
4.553426914728993
4.456492552783006
4.345076914729554
7.1225426589182685
7.336769230716916
15.66542692307118
10.109426552454321
9.877333570769231
1.7807658918269194
12.886892655245433
12.892765891821693
7.122489257161831
1.774892692284737
7.101706356647087
15.67076923076923
1.7807658826448303
10.114635664729567
9.669465736237752
4.3450769228450525
15.670622317284733
7.336769230711829
4.345076914728987
4.558620848163895
1.0803392692307692
15.433356542692309
15.433357062084815
15.670769138113581
10.109426923071705
15.670769228676653
1.0862692307691144
12.679062228057015
7.336769228450521
1.0862692307691981
12.678542692307692
12.657707692286824
7.101706208333335
10.114620848172848
10.108833333392658
1.775412083333348
15.670622316389478
4.345076589161822
15.457062083481645
10.11476922845284
12.655357062231639
9.596115488873945
9.877333570765892
15.433570620833347
4.3213335706223175
12.65533357076914
4.552833333392639
15.664892692284502
7.588121750288678
15.433333333333355
4.321357063567308
12.679076913894773
15.670620848163896
4.321335706356638
4.558620981638021
9.877333333333334
4.321570620981638
15.43333333357062
12.655335706208335
1.7806353382552083
7.0993357062083335
10.114620833333335
7.330833339265524
10.114769138020833
1.0803333333339267
15.083289779532166
9.877333333333334
9.87733333333357
9.877333570620834
15.435706208334818
9.877333333333334
9.877357062083334
12.655333333333335
15.433333333333332
