40652
63636
39914
35760
42596
44232
35978
40725
45977
45978
34262
27637
30328
41431
33070
32024
30026
29887
27673
29757
34961
27158
39418
28876
29242
26112
28553
32473
25549
25256
23312
21896
29241
29031
24998
32469
24749
21723
22073
25548
25297
21651
22729
27833
25747
21516
24997
22943
22331
24663
21650
23288
20079
20360
25523
20073
21553
24602
21753
18989
32285
20339
17696
20463
18979
24010
20353
22249
23654
19863
21972
20037
18132
21277
17520
17296
21187
19011
19248
17591
19107
18875
23026
17649
21018
23516
21530
18826
18545
18199
17814
20599
15504
19641
21162
16607
18756
21063
19943
18434
