-27816.0
-43999.0
-26666.0
-24299.0
-28815.0
-31373.0
-24517.0
-28033.0
-31565.0
-31510.0
-22584.0
-17691.0
-18396.0
-29017.0
-20562.0
-19664.0
-19986.0
-18912.0
-16415.0
-17876.0
-23207.0
-15842.0
-23661.0
-16838.0
-17592.0
-16234.0
-17096.0
-20414.0
-15357.0
-14954.0
-13743.0
-12211.0
-17652.0
-18017.0
-14390.0
-18528.0
-13769.0
-11451.0
-12032.0
-13708.0
-14615.0
-12033.0
-13002.0
-17592.0
-14690.0
-11276.0
-13784.0
-12427.0
-12186.0
-14020.0
-11604.0
-12602.0
-10216.0
-10265.0
-12768.0
-10372.0
-10565.0
-13885.0
-11457.0
-10332.0
-17602.0
-10000.0
-9165.0
-10844.0
-8463.0
-13744.0
-10590.0
-11476.0
-11861.0
-9850.0
-11865.0
-10560.0
-8833.0
-10714.0
-8896.0
-8156.0
-11178.0
-8858.0
-8935.0
-8751.0
-8294.0
-8823.0
-11786.0
-8554.0
-9890.0
-10906.0
-10280.0
-9731.0
-9262.0
-8918.0
-8149.0
-11471.0
-6203.0
-8968.0
-10888.0
-7124.0
-9138.0
-10377.0
-9028.0
-8786.0
