7.528148148148148
11.784444444444444
7.391481481481481
6.622222222222222
7.888148148148148
8.19111111111111
6.662592592592593
7.541666666666667
8.514259259259259
8.514444444444445
6.344814814814815
5.117962962962963
5.616296296296296
7.672407407407407
6.124074074074074
5.930370370370371
5.560370370370371
5.53462962962963
5.12462962962963
5.510555555555555
6.474259259259259
5.029259259259259
7.29962962962963
5.347407407407408
5.4151851851851855
4.835555555555556
5.287592592592593
6.013518518518518
4.731296296296296
4.677037037037037
4.3170370370370375
4.054814814814815
5.415
5.376111111111111
4.62925925925926
6.012777777777778
4.583148148148148
4.022777777777778
4.087592592592593
4.731111111111111
4.6846296296296295
4.009444444444444
4.209074074074074
5.154259259259259
4.767962962962963
3.9844444444444442
4.629074074074074
4.248703703703704
4.135370370370371
4.567222222222222
4.0092592592592595
4.312592592592592
3.7183333333333333
3.77037037037037
4.726481481481481
3.7172222222222224
3.991296296296296
4.5559259259259255
4.028333333333333
3.5164814814814815
5.978703703703704
3.7664814814814815
3.277037037037037
3.7894444444444444
3.5146296296296295
4.446296296296296
3.7690740740740742
4.120185185185186
4.38037037037037
3.6783333333333332
4.068888888888889
3.7105555555555556
3.3577777777777778
3.940185185185185
3.2444444444444445
3.202962962962963
3.9235185185185184
3.5205555555555557
3.5644444444444443
3.2575925925925926
3.5383333333333336
3.4953703703703702
4.264074074074074
3.2683333333333335
3.8922222222222222
4.354814814814815
3.987037037037037
3.4862962962962962
3.4342592592592593
3.370185185185185
3.298888888888889
3.81462962962963
2.871111111111111
3.6372222222222224
3.918888888888889
3.0753703703703703
3.473333333333333
3.9005555555555556
3.6931481481481483
3.4137037037037037
