12.892765892095454
15.67076923076923
10.11476923071706
10.114769228682393
4.558769230769231
10.11476923076923
1.080926923076923
12.892769230769233
12.892769230769233
1.0861356730769232
1.0809269147295673
4.558769230769231
4.558286275541072
7.336757180527963
12.892769147295672
4.5587692307170595
1.7807658918269234
1.7807692307692307
15.67076923071706
1.086268929087896
12.892769230769233
4.321570769230769
4.558765891826924
4.558765891826924
15.936492361140594
4.5587692307170595
12.892769230769233
15.67076923076923
1.0862692307692308
1.0862692307691981
12.892769230769233
12.892769228682392
10.114769228473708
10.11476923076923
12.89276922327
12.679063567307693
10.114769230767797
4.558769230769231
15.670765891821185
10.11463533918268
15.670769147295669
10.293381721790732
1.407723416176514
7.12307655579327
10.114620848173079
4.345076923076923
15.670765891826449
4.3237076555793275
1.7806353391826921
10.11476923076923
1.7754135673076923
12.892769230769233
12.887426923076458
1.7807692286822614
7.336769230769231
4.552839269230769
1.780769230769198
12.89276589161824
7.616693993621276
15.670635339161823
15.457076923071707
4.558769228682392
7.3367692286823925
1.0862691472955426
10.114765891826924
1.7612787309314721
15.457076922845056
9.84722117857951
4.552839269230768
1.7748333333926556
12.892765891826922
15.670769230711267
1.7748334091885034
12.885484809839719
9.665129451921358
12.679063566405024
9.879707692307694
12.655570620981639
10.108833913533616
15.67063566389478
4.321333357076914
15.670635672847368
3.2427407018604724
4.345063445663392
11.753076853585146
15.457062083334785
12.679076555791182
7.099333333357062
1.7748392655579326
1.0861208333333334
0.8145906250000001
15.96962318769081
1.0803333392689285
4.321333357062083
4.558620981728451
12.91786858754567
12.655333333333335
9.877333333333334
7.099333333333334
9.877333333330517
