71.73333333333333
30.187592592592594
19.084814814814816
9.63
19.99388888888889
35.36462962962963
21.78
44.34851851851852
18.98037037037037
34.345
23.320555555555554
23.47277777777778
21.266111111111112
29.17222222222222
28.376296296296296
12.23962962962963
13.602407407407407
19.922037037037036
15.095740740740741
18.32759259259259
12.27425925925926
18.185185185185187
18.135925925925925
15.94
8.07037037037037
15.615
9.11
6.1466666666666665
10.507777777777777
8.693518518518518
7.569629629629629
8.591851851851851
5.935740740740741
6.7807407407407405
5.837962962962963
13.177407407407408
7.994074074074074
6.091481481481481
8.213333333333333
4.2192592592592595
9.304814814814815
5.726666666666667
6.9601851851851855
5.446666666666666
8.40148148148148
10.104814814814814
7.534259259259259
6.838703703703704
6.4346296296296295
5.936111111111111
6.824074074074074
5.122592592592593
5.114444444444445
4.910925925925926
5.072037037037037
6.921666666666667
6.373888888888889
4.131481481481481
5.390555555555555
5.8731481481481485
6.100370370370371
6.638888888888889
4.712592592592593
5.5472222222222225
4.574814814814815
7.3462962962962965
4.262222222222222
4.844074074074074
5.119074074074074
5.352222222222222
4.506481481481481
4.762777777777778
4.945555555555556
4.858518518518519
4.907777777777778
5.348888888888889
6.002037037037037
4.2337037037037035
4.4309259259259255
4.774444444444445
4.716666666666667
4.170555555555556
3.56462962962963
4.024629629629629
5.03574074074074
4.267037037037037
4.270185185185185
4.660555555555556
3.3583333333333334
4.428888888888889
3.577777777777778
3.2092592592592593
3.975
3.8044444444444445
4.971111111111111
4.539259259259259
3.7074074074074073
3.947037037037037
3.846111111111111
3.7205555555555554
