387360
163013
103058
52002
107967
190969
117612
239482
102494
185463
125931
126753
114837
157530
153232
66094
73453
107579
81517
98969
66281
98200
97934
86076
43580
84321
49194
33192
56742
46945
40876
46396
32053
36616
31525
71158
43168
32894
44352
22784
50246
30924
37585
29412
45368
54566
40685
36929
34747
32055
36850
27662
27618
26519
27389
37377
34419
22310
29109
31715
32942
35850
25448
29955
24704
39670
23016
26158
27643
28902
24335
25719
26706
26236
26502
28884
32411
22862
23927
25782
25470
22521
19249
21733
27193
23042
23059
25167
18135
23916
19320
17330
21465
20544
26844
24512
20020
21314
20769
20091
