-488290.0
-195991.0
-165311.0
-146772.0
-138314.0
-168092.0
-143405.0
-213663.0
-109969.0
-155936.0
-119596.0
-107907.0
-168733.0
-133652.0
-166989.0
-64653.0
-85752.0
-101344.0
-74164.0
-90874.0
-59026.0
-88000.0
-72286.0
-75699.0
-40266.0
-87013.0
-45497.0
-35399.0
-56297.0
-43410.0
-39816.0
-40703.0
-30300.0
-32174.0
-28826.0
-60010.0
-36273.0
-30811.0
-35911.0
-29192.0
-42862.0
-25813.0
-33274.0
-29604.0
-34475.0
-45081.0
-36596.0
-36485.0
-31129.0
-29399.0
-34782.0
-24627.0
-28974.0
-24240.0
-24547.0
-31944.0
-24479.0
-20191.0
-24973.0
-31649.0
-29778.0
-38435.0
-22096.0
-27228.0
-21617.0
-33437.0
-19996.0
-21322.0
-26516.0
-23668.0
-21522.0
-22083.0
-23918.0
-25787.0
-23252.0
-26671.0
-27627.0
-24295.0
-22191.0
-23040.0
-20557.0
-19823.0
-14750.0
-17958.0
-20170.0
-20803.0
-16782.0
-20964.0
-16038.0
-17293.0
-14974.0
-18136.0
-18978.0
-15989.0
-23205.0
-23925.0
-15099.0
-19294.0
-15465.0
-19437.0
