1454897
682094
709113
1489239
685743
726268
958512
1235261
1107745
908988
1955774
797547
1760363
1629785
1140003
734489
728676
651744
891641
867760
1219457
794535
1483869
1693789
888966
549093
1105471
1080565
1034783
967891
506239
554300
1001386
710623
605311
1007483
795428
574163
1216714
1352540
1048163
558352
911475
1284274
1046097
707365
994389
810483
856144
1233353
720475
588605
765915
328024
1306876
538443
807656
733898
623351
644955
1065898
1267309
342769
697541
681072
460430
548515
1005788
514700
672584
476719
721318
632513
523171
658113
474836
497811
984578
397964
419460
1102940
733985
584911
440918
440803
804224
873368
403062
883063
839753
508074
379080
446851
781655
337087
317179
751432
295055
550162
1017535
610869
1101364
386224
235866
384065
750555
283343
220903
426718
811093
955176
327233
618864
250101
985111
330504
345440
763421
519950
710237
280945
240893
345483
224587
301246
314016
650827
526228
570156
254169
359458
972128
409488
422980
254064
200852
407367
630086
550603
493138
772811
235789
314967
488731
300409
613948
225305
648957
589677
554986
274558
309970
471337
326353
550463
249677
258436
886443
858043
254784
610257
212053
290986
293178
386087
347687
198477
833005
230543
225832
198706
262420
240647
640379
251624
356894
165092
567328
569828
246275
579348
499651
267243
504100
217838
699576
450247
449154
213253
214817
228105
239806
272669
195215
430784
275959
302807
479391
195889
271546
188149
523494
204863
184434
336890
181827
471987
410555
248877
542159
184467
429251
173304
197439
233044
144593
442047
233402
188850
400965
208311
180097
246331
179978
312506
485435
404910
164644
373485
167796
208479
208679
378487
183985
188866
213150
439534
412317
170760
437834
341874
399214
168362
220545
379490
449035
230800
257985
168365
361983
193337
148115
180039
314942
392293
216050
334108
205963
202166
184433
180220
124932
201859
214519
165341
171310
321819
560136
195389
152922
302611
412626
365977
196600
161093
197408
375169
179615
189950
197285
282017
175611
327438
219668
377570
171422
350106
160725
157812
157412
173396
164701
163486
214935
172040
366580
319563
293667
145995
167535
160559
327322
216358
193222
343748
286808
302970
158599
135132
148019
156568
152503
331478
148526
173513
254528
366854
292392
146417
292688
188503
163322
158854
352569
146297
219317
181171
152478
128946
297574
177655
179668
168203
131610
145903
196437
140252
140613
138728
353341
151451
134597
272588
305066
142528
298778
290601
281496
155844
149701
329556
236041
275551
152843
259844
144981
152509
138529
139573
141547
137308
132179
265563
269655
381783
159984
130031
120620
269995
330376
355910
144261
131361
143979
290591
120938
143180
343371
140980
348055
129505
123761
144536
269262
272081
135918
139134
275781
139680
118448
149285
143921
120079
138201
279604
274536
144859
1068641
648092
153138
133168
110691
157600
159276
247657
263292
149716
248632
285181
125387
270526
154631
116229
136958
117263
123976
135888
141658
117072
311786
261570
161523
266082
149166
131422
138888
137166
123702
264025
192251
257403
248451
131623
228969
123131
128170
251774
247917
130841
232822
249723
478907
131002
305209
139911
118414
141126
255376
148010
239002
146215
147463
135598
198019
113319
118016
207907
575200
143647
119337
127114
251443
113550
173084
229873
117973
115858
133078
137713
253276
131001
219771
219732
140313
143746
113908
126666
147023
139932
110680
310355
248194
132943
138181
114769
112187
215301
161206
153357
155466
511188
253669
116855
130457
123867
125471
139899
132451
125077
134029
