-774390.0
-352209.0
-409957.0
-800705.0
-351154.0
-326709.0
-570426.0
-651569.0
-586237.0
-452696.0
-997632.0
-354698.0
-991869.0
-822688.0
-528693.0
-402184.0
-318574.0
-280667.0
-473801.0
-411638.0
-507639.0
-426253.0
-727762.0
-871468.0
-460033.0
-239320.0
-516944.0
-520161.0
-453169.0
-402470.0
-203002.0
-252842.0
-484048.0
-350140.0
-294956.0
-454376.0
-394939.0
-265221.0
-560239.0
-653027.0
-485412.0
-213687.0
-465796.0
-646508.0
-498947.0
-332706.0
-435888.0
-390214.0
-380907.0
-588447.0
-327717.0
-252776.0
-339694.0
-131228.0
-653716.0
-241962.0
-347132.0
-335382.0
-292513.0
-281569.0
-448099.0
-589276.0
-129475.0
-296623.0
-323797.0
-189272.0
-243610.0
-443775.0
-202725.0
-227048.0
-211204.0
-269797.0
-266349.0
-230472.0
-287849.0
-194511.0
-194621.0
-396467.0
-147589.0
-179975.0
-507687.0
-346358.0
-171537.0
-173840.0
-159783.0
-342443.0
-328527.0
-165090.0
-383716.0
-354474.0
-211528.0
-133427.0
-177536.0
-277411.0
-122628.0
-114295.0
-334329.0
-98776.0
-176044.0
-424429.0
-264742.0
-528954.0
-126561.0
-79968.0
-121936.0
-289382.0
-104275.0
-68758.0
-172837.0
-299178.0
-401500.0
-113014.0
-280141.0
-74740.0
-455839.0
-120788.0
-132332.0
-324529.0
-195264.0
-258693.0
-72598.0
-76224.0
-122237.0
-62635.0
-95908.0
-107009.0
-203297.0
-157887.0
-193143.0
-84948.0
-129032.0
-414424.0
-160841.0
-159550.0
-95373.0
-57741.0
-137746.0
-182341.0
-150478.0
-209994.0
-312691.0
-73937.0
-91634.0
-188733.0
-102030.0
-183743.0
-62647.0
-212288.0
-183217.0
-183987.0
-76685.0
-93674.0
-170078.0
-105421.0
-175061.0
-89370.0
-74817.0
-380584.0
-382140.0
-67909.0
-184530.0
-60373.0
-92910.0
-75991.0
-138474.0
-129119.0
-55490.0
-332465.0
-55428.0
-68774.0
-58501.0
-74592.0
-70100.0
-212118.0
-79847.0
-115941.0
-49471.0
-166200.0
-168036.0
-68552.0
-171601.0
-128050.0
-66258.0
-138072.0
-60935.0
-247914.0
-101278.0
-158216.0
-56124.0
-60717.0
-59225.0
-66894.0
-89639.0
-48516.0
-110458.0
-96073.0
-78477.0
-138680.0
-57165.0
-84220.0
-52374.0
-159333.0
-52940.0
-53008.0
-68998.0
-49952.0
-135635.0
-100052.0
-79086.0
-145081.0
-57454.0
-106576.0
-49623.0
-52061.0
-61399.0
-39638.0
-104534.0
-57932.0
-57606.0
-86988.0
-56898.0
-46954.0
-61464.0
-42117.0
-71010.0
-131060.0
-99600.0
-43456.0
-85244.0
-45380.0
-71381.0
-50860.0
-76794.0
-45259.0
-41882.0
-58132.0
-121320.0
-110304.0
-45043.0
-106857.0
-71891.0
-80336.0
-35866.0
-58290.0
-83219.0
-105109.0
-65816.0
-63499.0
-41279.0
-78828.0
-49037.0
-40412.0
-45575.0
-76206.0
-94250.0
-53012.0
-80514.0
-56342.0
-47000.0
-54128.0
-49274.0
-32813.0
-44756.0
-49711.0
-39474.0
-37542.0
-70850.0
-164052.0
-49428.0
-44903.0
-58094.0
-93997.0
-84505.0
-39717.0
-46116.0
-42637.0
-76505.0
-38846.0
-49476.0
-45916.0
-62572.0
-40730.0
-70245.0
-58922.0
-81646.0
-41314.0
-72390.0
-40822.0
-35502.0
-41783.0
-47566.0
-38398.0
-37707.0
-53592.0
-40673.0
-76572.0
-74267.0
-67611.0
-32667.0
-35768.0
-32938.0
-72848.0
-43185.0
-47762.0
-73723.0
-61974.0
-61434.0
-34022.0
-34423.0
-39979.0
-31761.0
-32934.0
-69346.0
-32251.0
-32383.0
-58751.0
-84391.0
-58323.0
-29079.0
-61609.0
-44486.0
-32066.0
-37457.0
-74229.0
-36065.0
-45862.0
-40729.0
-35116.0
-28879.0
-69996.0
-44776.0
-41844.0
-40263.0
-30053.0
-32465.0
-45074.0
-29653.0
-37789.0
-31112.0
-76948.0
-38442.0
-30582.0
-54248.0
-67609.0
-37346.0
-68865.0
-58679.0
-56046.0
-33715.0
-33810.0
-65918.0
-44856.0
-50654.0
-33663.0
-48916.0
-28280.0
-36499.0
-36349.0
-29831.0
-30937.0
-37293.0
-28608.0
-50868.0
-50669.0
-153214.0
-34057.0
-28532.0
-29933.0
-59535.0
-67750.0
-76954.0
-33185.0
-28869.0
-27392.0
-52678.0
-25637.0
-25241.0
-123426.0
-29694.0
-71295.0
-25638.0
-27997.0
-26558.0
-52935.0
-54019.0
-30476.0
-31711.0
-53654.0
-30348.0
-23495.0
-27994.0
-26849.0
-26255.0
-24621.0
-56632.0
-55183.0
-31544.0
-703719.0
-384420.0
-31245.0
-27107.0
-27085.0
-45284.0
-34311.0
-50646.0
-54958.0
-28481.0
-49985.0
-53571.0
-23219.0
-56750.0
-34397.0
-25196.0
-28422.0
-27809.0
-26510.0
-28264.0
-25765.0
-22660.0
-58000.0
-44567.0
-35895.0
-47519.0
-33793.0
-27039.0
-29602.0
-30913.0
-25218.0
-49996.0
-37608.0
-49430.0
-47235.0
-28776.0
-44411.0
-23619.0
-30418.0
-48089.0
-48273.0
-29057.0
-109757.0
-47978.0
-223161.0
-26020.0
-106511.0
-32747.0
-27109.0
-27327.0
-55153.0
-26755.0
-59532.0
-30405.0
-29764.0
-29123.0
-37987.0
-23419.0
-24824.0
-37258.0
-345698.0
-30420.0
-26867.0
-26513.0
-50666.0
-24512.0
-49478.0
-44655.0
-24927.0
-26143.0
-26462.0
-29473.0
-44533.0
-26827.0
-49308.0
-38932.0
-25544.0
-34545.0
-29279.0
-29357.0
-35183.0
-31602.0
-25774.0
-66191.0
-45437.0
-29219.0
-31518.0
-23995.0
-25927.0
-36997.0
-31637.0
-34796.0
-33792.0
-293539.0
-53215.0
-24736.0
-26181.0
-32955.0
-27367.0
-29094.0
-26600.0
-28616.0
-30537.0
