269.4253703703704
126.31370370370371
131.31722222222223
275.785
126.98944444444444
134.49407407407406
177.50222222222223
228.75203703703704
205.13796296296297
168.3311111111111
362.1803703703704
147.6938888888889
325.9931481481481
301.81203703703704
211.11166666666668
136.0164814814815
134.94
120.69333333333333
165.11870370370372
160.6962962962963
225.82537037037036
147.13611111111112
274.79055555555556
313.66462962962964
164.62333333333333
101.68388888888889
204.71685185185186
200.10462962962964
191.62648148148148
179.23907407407407
93.74796296296296
102.64814814814815
185.44185185185185
131.59685185185185
112.09462962962964
186.57092592592593
147.3014814814815
106.32648148148148
225.31740740740742
250.47037037037038
194.10425925925927
103.39851851851851
168.79166666666666
237.8285185185185
193.72166666666666
130.99351851851853
184.1461111111111
150.08944444444444
158.54518518518518
228.39870370370372
133.4212962962963
109.00092592592593
141.8361111111111
60.745185185185186
242.01407407407407
99.71166666666667
149.56592592592594
135.90703703703704
115.43537037037036
119.43611111111112
197.3885185185185
234.68685185185186
63.47574074074074
129.17425925925926
126.12444444444445
85.26481481481481
101.57685185185186
186.25703703703704
95.31481481481481
124.55259259259259
88.28129629629629
133.5774074074074
117.13203703703704
96.88351851851851
121.87277777777778
87.9325925925926
92.18722222222222
182.32925925925926
73.69703703703703
77.67777777777778
204.24814814814815
135.92314814814816
108.31685185185185
81.65148148148148
81.63018518518518
148.93037037037038
161.73481481481483
74.64111111111112
163.5301851851852
155.5098148148148
94.08777777777777
70.2
82.75018518518519
144.7509259259259
62.42351851851852
58.73685185185185
139.15407407407406
54.63981481481481
101.88185185185185
188.4324074074074
113.12388888888889
203.9562962962963
71.52296296296296
43.67888888888889
71.12314814814815
138.99166666666667
52.470925925925926
40.90796296296296
79.02185185185185
150.2024074074074
176.88444444444445
60.598703703703706
114.60444444444444
46.315
182.42796296296297
61.20444444444445
63.97037037037037
141.37425925925925
96.28703703703704
131.52537037037038
52.02685185185185
44.60981481481482
63.97833333333333
41.590185185185184
55.7862962962963
58.15111111111111
120.52351851851851
97.44962962962963
105.58444444444444
47.068333333333335
66.5662962962963
180.02370370370372
75.83111111111111
78.32962962962964
47.04888888888889
37.19481481481481
75.43833333333333
116.6825925925926
101.96351851851851
91.32185185185185
143.11314814814816
43.66462962962963
58.327222222222225
90.50574074074073
55.6312962962963
113.69407407407408
41.72314814814815
120.17722222222223
109.19944444444444
102.77518518518518
50.84407407407407
57.40185185185185
87.28462962962963
60.43574074074074
101.9375925925926
46.23648148148148
47.858518518518515
164.1561111111111
158.89685185185186
47.18222222222222
113.01055555555556
39.26907407407408
53.886296296296294
54.29222222222222
71.4975925925926
64.38648148148148
36.755
154.26018518518518
42.69314814814815
41.82074074074074
36.797407407407405
48.596296296296295
44.56425925925926
118.5887037037037
46.59703703703704
66.09148148148148
30.572592592592592
105.06074074074074
105.5237037037037
45.60648148148148
107.28666666666666
92.52796296296296
49.489444444444445
93.35185185185185
40.34037037037037
129.5511111111111
83.37907407407407
83.17666666666666
39.4912962962963
39.78092592592593
42.24166666666667
44.40851851851852
50.49425925925926
36.150925925925925
79.77481481481482
51.10351851851852
56.07537037037037
88.7761111111111
36.275740740740744
50.2862962962963
34.84240740740741
96.94333333333333
37.937592592592594
34.154444444444444
62.38703703703704
33.67166666666667
87.405
76.0287037037037
46.08833333333333
100.39981481481482
34.160555555555554
79.49092592592592
32.093333333333334
36.562777777777775
43.1562962962963
26.776481481481483
81.86055555555555
43.22259259259259
34.97222222222222
74.25277777777778
38.57611111111111
33.3512962962963
45.616851851851855
33.32925925925926
57.87148148148148
89.89537037037037
74.98333333333333
30.48962962962963
69.16388888888889
31.073333333333334
38.60722222222222
38.64425925925926
70.09018518518519
34.071296296296296
34.97518518518518
39.47222222222222
81.39518518518518
76.355
31.622222222222224
81.08037037037037
63.31
73.92851851851852
31.178148148148146
40.84166666666667
70.27592592592593
83.15462962962962
42.74074074074074
47.775
31.178703703703704
67.0338888888889
35.803148148148146
27.428703703703704
33.340555555555554
58.32259259259259
72.64685185185185
40.00925925925926
61.87185185185185
38.1412962962963
37.43814814814815
34.15425925925926
33.37407407407407
23.135555555555555
37.3812962962963
39.72574074074074
30.618703703703705
31.724074074074075
59.596111111111114
103.72888888888889
36.18314814814815
28.31888888888889
56.03907407407407
76.41222222222223
67.77351851851851
36.407407407407405
29.832037037037036
36.557037037037034
69.47574074074075
33.26203703703704
35.175925925925924
36.53425925925926
52.22537037037037
32.52055555555555
60.63666666666666
40.67925925925926
69.92037037037036
31.744814814814816
64.83444444444444
29.76388888888889
29.224444444444444
29.15037037037037
32.11037037037037
30.500185185185185
30.275185185185187
39.80277777777778
31.85925925925926
67.88518518518518
59.178333333333335
54.382777777777775
27.03611111111111
31.025
29.73314814814815
60.61518518518518
40.066296296296294
35.781851851851854
63.657037037037036
53.11259259259259
56.105555555555554
29.370185185185186
25.024444444444445
27.410925925925927
28.994074074074074
28.241296296296298
61.38481481481482
27.504814814814814
32.13203703703704
47.13481481481482
67.93592592592593
54.14666666666667
27.11425925925926
54.20148148148148
34.90796296296296
30.244814814814816
29.417407407407406
65.29055555555556
27.092037037037038
40.614259259259256
33.550185185185185
28.236666666666668
23.878888888888888
55.10629629629629
32.89907407407407
33.27185185185185
31.148703703703703
24.372222222222224
27.019074074074073
36.37722222222222
25.972592592592594
26.039444444444445
25.69037037037037
65.43351851851853
28.046481481481482
24.92537037037037
50.47925925925926
56.4937037037037
26.394074074074073
55.32925925925926
53.815
52.12888888888889
28.86
27.722407407407406
61.028888888888886
43.7112962962963
51.02796296296296
28.304259259259258
48.11925925925926
26.848333333333333
28.24240740740741
25.653518518518517
25.846851851851852
26.212407407407408
25.427407407407408
24.477592592592593
49.178333333333335
49.93611111111111
70.70055555555555
29.626666666666665
24.079814814814814
22.33703703703704
49.99907407407407
61.18074074074074
65.90925925925926
26.715
24.32611111111111
26.662777777777777
53.81314814814815
22.395925925925926
26.514814814814816
63.58722222222222
26.107407407407408
64.45462962962964
23.982407407407408
22.918703703703702
26.765925925925927
49.86333333333334
50.38537037037037
25.17
25.765555555555554
51.07055555555556
25.866666666666667
21.934814814814814
27.64537037037037
26.652037037037037
22.236851851851853
25.592777777777776
51.77851851851852
50.84
26.82574074074074
197.8964814814815
120.01703703703704
28.358888888888888
24.660740740740742
20.498333333333335
29.185185185185187
29.495555555555555
45.86240740740741
48.757777777777775
27.725185185185186
46.04296296296296
52.8112962962963
23.219814814814814
50.09740740740741
28.63537037037037
21.523888888888887
25.36259259259259
21.71537037037037
22.958518518518517
25.164444444444445
26.23296296296296
21.68
57.73814814814815
48.43888888888889
29.911666666666665
49.27444444444444
27.623333333333335
24.337407407407408
25.72
25.40111111111111
22.907777777777778
48.89351851851852
35.602037037037036
47.66722222222222
46.00944444444445
24.37462962962963
42.401666666666664
22.80203703703704
23.735185185185184
46.62481481481481
45.910555555555554
24.229814814814816
43.11518518518518
46.245
88.68648148148148
24.25962962962963
56.520185185185184
25.909444444444443
21.92851851851852
26.134444444444444
47.29185185185185
27.409259259259258
44.25962962962963
27.076851851851853
27.307962962962964
25.11074074074074
36.67018518518518
20.985
21.854814814814816
38.501296296296296
106.51851851851852
26.601296296296297
22.099444444444444
23.53962962962963
46.56351851851852
21.02777777777778
32.052592592592596
42.569074074074074
21.846851851851852
21.455185185185186
24.644074074074073
25.502407407407407
46.90296296296296
24.259444444444444
40.69833333333333
40.69111111111111
25.983888888888888
26.619629629629628
21.094074074074076
23.456666666666667
27.226481481481482
25.913333333333334
20.496296296296297
57.47314814814815
45.961851851851854
24.619074074074074
25.589074074074073
21.25351851851852
20.77537037037037
39.870555555555555
29.852962962962962
28.399444444444445
28.79
94.66444444444444
46.97574074074074
21.639814814814816
24.158703703703704
22.938333333333333
23.23537037037037
25.907222222222224
24.527962962962963
23.162407407407407
24.820185185185185
