1.0862658834795529
9.724611789506724
7.123062083348174
12.679031055468592
4.321565426922868
1.0643286981840379
10.114765891821706
11.753076860472145
4.476019735867612
4.558769228473708
1.0862691470869892
1.0861356730767924
7.12306356730717
12.679076922868239
12.892769138927449
9.703241321650461
15.67076589182679
15.670635219399326
10.114769228682388
1.086135673076923
1.7807692307692307
12.679076923076924
1.7807658834795674
7.331413567307692
7.184572878279377
1.0857882515541577
4.5587691470869895
15.665412098172869
1.7754265891826795
12.887413567307693
15.456489269230696
15.670635305709794
10.109413567307692
12.679076923076924
7.336769135931235
1.0862692307118427
1.7807658834586415
10.114620848173079
1.78076923076923
4.558765891617665
15.457076588345865
7.58596574280844
1.0862658834586978
15.45706222838341
12.89276923071132
12.892769147295672
7.123076589182692
12.67854265891827
4.323707658916183
4.558635664729567
7.331426922868239
7.3362832131928855
12.604076710182358
12.892769230767925
7.331413567307171
7.33663530579327
10.109426588347958
4.558765882531844
7.581108237408141
1.7807692246267959
7.122483926589162
7.123076922867716
1.0862692286823918
15.45707655579327
7.33676923071706
9.897777865084194
10.114769228452788
7.336769230767926
3.4161715704267666
7.123076923076923
15.670769228473125
15.67076923076923
12.89276589182692
1.086269147295673
12.131488007769255
1.0803392691472955
4.5587692307170595
10.11476923076923
1.0862692307170598
4.5534122317307695
1.7806223173076923
4.552892658918265
1.7807691470661209
7.336769230717056
1.080926923076923
7.3367691389274485
15.435654265891827
7.336769147290409
1.7754269228682262
12.679076913802175
15.670635338347955
1.7373233793820984
3.5546808787833846
10.114769147295544
10.114635339182692
9.891402784777213
12.886891223173063
15.6653782213611
4.558635673076923
1.780635673071706
7.1230765891618235
4.553413567286766
12.892769230769233
7.331413567307692
4.558769228682261
1.7806353391826792
7.3314265883479575
10.114769230717055
1.774892692307678
10.114769230769198
7.12307692284737
7.33663567307692
12.678489265891827
15.344937487691237
7.336769230769231
7.471695820914901
12.892769230767925
12.679076914729567
1.780635664729553
4.553426552454328
10.10941356730717
4.558765891735042
15.665426923076922
7.1017076922868245
7.336769230767926
10.114769230767926
4.55876923076923
15.66542692307679
10.109413566389483
7.336769228473694
12.89276589182692
4.553426923076794
1.5454841014400862
1.7807658918267926
15.670765524540974
4.558769228682392
9.901076923071694
1.7807691389483176
7.33676913811149
4.55342666886185
7.33676923071706
4.558635302120433
15.433335707691475
1.7807692284528382
15.374531091583913
7.122489265891595
1.0626932388817663
7.331426923076924
15.670769230767922
1.780765891826923
1.086265891826923
1.086120981730717
12.887413446105137
15.670765891617526
12.892765891826793
12.603511346310885
1.086265891595278
10.109412231730769
15.670769147290457
12.679076589182113
12.887426923076925
15.670769230767922
12.892769147295672
12.88742692307692
6.974198041416559
7.336635672868239
1.0862655244597956
1.7807658918217057
1.0862691381135243
12.892769230767925
4.558765891826923
12.892635188443384
4.2563773856409854
1.0861209817307693
1.780765891595284
7.1017062231730765
12.679076588264483
4.321335706223173
1.780765557932679
12.892622317307692
4.321564891208482
12.892769147289883
4.558622316472957
4.558765883479568
15.670769230769196
7.330839269230769
12.892620981647298
9.918396611619084
15.355197282108268
4.3450769230767925
1.780769230711321
15.670635339182677
4.55876922307381
1.0862655579326923
10.114769147295673
1.0862691470107502
15.665426922868221
15.665426552083705
0.81470336351512
7.336765557932692
4.558765550995176
4.323707692307692
7.336620848173078
9.688235404842562
7.122542692307678
7.122542691472899
4.5586209783918274
9.900541223173077
4.558765891826779
10.114635302454118
1.0861208481728453
15.664833392655208
9.879707691381114
12.892769228473696
15.670765521204327
4.344541208481731
4.3215706356728685
12.122902441547492
12.892635672847371
15.665426589161825
1.7806208478382561
12.401201658395992
0.8146991684495191
15.670765493807925
15.665426589182692
10.114769147290442
15.433333335707692
6.953769475524846
7.331426555793269
10.11476923076778
7.336769228682248
15.670769230769196
1.080926922868239
15.670769138021758
1.7807691470638045
1.7807658915950544
7.331426589182118
7.123062231647087
4.55863530579327
1.0862692286823918
15.433333570620835
1.086269147290456
1.0862689419412221
9.87733333357077
15.66489265520833
12.886833333392655
14.760268496522448
1.780289360747409
12.892769230769233
7.101707691472957
9.399516531187809
15.38580311789023
9.665125004451925
4.558765882561358
1.7807692284528396
1.0861223173071126
15.433335707658916
1.0129269734727693
1.7754120981647297
7.101654265891595
15.664833339269228
12.892622317307692
15.433570769138111
15.664891353020835
0.8767094740780053
9.877570769230719
1.7806208348173072
9.877333570635665
12.678541356728473
12.892635673071705
10.114765891821133
9.877335706223173
10.114769230767783
4.295652190595627
1.7807691472955285
15.670765891821702
7.123062084817308
15.457063567307113
12.679076923076778
15.435707658826448
1.0861208347838256
15.433333564839268
15.433335706208334
7.122483926923077
9.877333333335708
4.345076922847319
15.670765557909528
1.7807655245432692
4.323706356728453
4.558765557911823
12.892765524401671
12.67720825812289
1.7754265557014275
12.886892692307171
12.655564891223165
7.330892691380209
1.0862692284737079
9.901062098172869
10.108892658916183
14.914854085412662
1.0861356730767926
4.321570620848173
4.34507692286634
9.877570620981729
1.774833391353021
4.3450635664728985
9.901076922845075
10.108833333333928
15.670765521204094
1.7807691380217605
4.3450635338264485
10.114620834816382
12.892620833333334
15.435707692307693
4.32133357076914
12.679062231638023
1.7754265520833705
1.7807658915950522
7.1224838790872695
7.101707692284505
15.433570769228453
1.780620833348173
12.886839265521207
7.336769230769231
7.099335706356638
7.336765557932114
9.346135424022965
9.879706223172846
10.108833926589181
12.655570765520833
1.7806356730711321
3.2410000000000183
12.44641897608775
4.321328101375856
9.877335706223164
15.664839265520834
4.344541208333333
9.879706208334818
1.0862691380208334
1.7807655579095052
1.2993350526641188
4.552833392655212
7.123062083333333
4.345076913894774
15.664892655212038
7.123063567307119
4.553426589159508
4.3213333333335715
9.877357063530246
15.433357062084815
4.323707691380209
7.336769228450753
15.665426589159733
7.586074311691652
15.433357076913813
4.321570635663802
6.566531712301898
1.7806208333333484
9.87733333333333
0.8475951242953071
9.877570634480156
7.123062231730711
12.886833333333339
4.552839269230768
1.080333392692287
7.123062098164729
7.336769147063805
9.894272195694793
4.321333333570621
7.099333570620834
15.665412083333479
1.0669351028188405
4.558620981638021
12.655333335706356
4.552839265891827
7.123062098164729
4.34506223163803
7.101707691380208
7.101707691389478
9.87970765521204
9.879706208333479
4.558620981638021
1.0862692307113162
10.114620848163803
7.099570622316473
9.707867523716292
15.457062083333346
7.336620833481648
7.101706208333349
4.321333357076552
12.655333335706208
15.433570620833484
9.901063567307114
4.3213333333333335
12.657707691472899
15.433333333333337
9.877570620833334
12.65770622316381
4.3213333333333335
15.433333333570767
4.321333333570621
12.88683392655212
4.3213333333333335
4.321335706208348
15.66483333333333
9.87733333357077
9.877333333333334
10.108833339265521
7.336620848173077
7.099151525813565
7.099570635663812
12.873357762433631
3.2410001787039433
7.099333570620834
12.655333335706208
9.877333333570766
12.679062083333333
15.429582252631388
4.3450620833333335
1.0803333333333929
9.877335706223175
9.879706223163803
7.330833333333393
7.099333333333334
7.336620824068454
5.324500017796564
15.433357076913802
1.3456512551788198
1.780620848163802
15.433333333333332
9.877333333333334
7.099333357062084
12.655333333570766
10.108833392655209
9.8773333570621
4.558635663810596
15.433333357076549
9.877333333333336
12.655333333333335
4.340503665078693
15.4570620981638
4.321357062083333
9.877333333570766
15.433333333333337
9.674309866257888
5.498125036683234
5.324500011837432
12.892765520833333
12.655357062083334
15.433357062083331
12.655112002541093
9.877333570620834
15.433335706208334
4.321333333335707
15.45706223163802
12.655333333333356
15.433333333333332
9.877357062084815
9.877333333333358
4.3213333333086394
5.324677965625002
15.433333333333332
7.7167853111581906
12.873453878717806
10.11463445876939
15.43333333357062
12.380826283879918
15.433357062083468
3.241000000000001
15.433333333333332
4.558605400000011
15.433333333333332
9.877570620833334
4.32133051675
15.435706208333334
12.655333570620835
4.3213333333333335
7.099333357062084
9.108515254969841
4.321333357062083
4.321357062083333
12.655335706208334
4.3213333333333335
15.433333333333332
7.336282462689522
11.575000000000005
4.3213333333333335
15.433333333333332
7.099333333333334
15.433260025
3.54966666666715
15.433333333333332
7.0993332253000005
7.099333333333334
7.408000000000003
15.433333333333332
7.099333333333334
15.43121125
4.3213333333322534
15.433333333333332
