43021
51037
41427
33321
34066
33967
42995
39592
38535
46008
37858
35731
39225
35349
42837
41293
45891
38412
71542
37992
41419
37060
38157
33956
41280
34617
27574
36118
40108
33316
36736
42300
33190
29066
29263
54541
34504
27355
32705
43431
38102
30711
34456
31112
35794
30721
33063
32509
35979
40658
47725
31009
40520
28680
40355
34832
35051
33683
30078
35552
37317
30387
28518
27356
28891
32952
27678
33563
30002
30364
29310
38772
26970
32723
32530
36190
27878
35341
27956
26184
34905
24737
33080
26229
29045
27323
29352
30508
21355
26430
28352
28842
26030
39851
32628
26714
22385
27603
60030
29481
30814
26394
36416
34379
23814
32631
28648
31245
31517
28514
24993
27408
25044
25641
24167
30694
27576
27399
25272
28836
23836
26740
34277
28342
24299
25563
25120
27089
30881
26960
32851
31246
24628
24712
22446
30101
22102
29261
25190
25593
28280
24613
23724
23381
23315
25021
23720
26104
30384
28032
27220
24051
21572
22086
22606
23734
23665
25978
26049
24421
22375
22063
23200
21951
24452
21892
24428
25260
22863
22686
26154
20351
21046
26101
23017
23395
24847
27587
31391
20222
28633
22355
24541
27875
23953
23197
20481
21849
24777
23566
19924
22487
24977
21661
20359
27275
21472
24550
28753
20515
19706
20807
23164
21688
21427
21993
23895
23760
25153
20709
23119
20560
19771
21657
20064
20141
21252
19167
23688
18957
21642
20963
22153
20051
22862
17918
20462
17975
18982
19854
18861
17986
21520
21808
17938
20754
23084
20168
17390
21050
19388
19112
19321
20151
22591
21149
21690
20137
19023
19569
17279
18631
18453
20482
19882
18911
23219
19887
19150
19840
18747
19884
20041
19824
18836
17999
18307
18899
18692
18057
18820
18513
18152
21001
18230
18717
20180
17342
19042
20318
18871
21035
15269
18664
18036
20383
17570
17695
18513
17518
18084
18354
19001
18635
16831
16182
20424
18459
17978
16954
16601
15275
20990
16783
16079
19882
18824
18189
15404
16069
16928
18227
21498
17688
17030
17454
18699
17810
18617
16890
17051
16939
16080
17422
17179
18364
18243
17706
15097
16615
17023
16522
17015
16292
18124
16127
18079
17321
16060
16714
15817
17035
17788
18236
17475
16641
16899
18495
16103
17222
16809
17381
18156
13790
18890
16458
16295
15819
15576
16772
14044
15088
15177
15353
17385
16387
16687
15267
17674
19186
15801
16523
13575
15596
15486
16487
16087
14373
15298
15031
15423
14199
14321
16997
16464
15648
13926
14417
15859
14200
14948
15557
13718
14044
13535
17327
15908
14980
17818
14395
15588
13521
15073
15963
16331
15472
15541
14698
16390
14657
16128
15074
15300
15772
13451
14266
14697
14929
14235
15479
14985
14237
16724
12676
14240
14629
13769
14151
13915
14436
16020
14526
14872
14109
13556
15588
13928
14971
14135
14173
15242
16417
13433
14477
14202
14940
13590
14218
14235
12907
14720
15093
13239
14087
13624
14467
12419
13268
13844
15114
13872
13833
12856
12919
15285
13301
13542
12722
13469
13809
13377
14973
14721
14101
13338
13513
13083
13581
13189
12988
13435
14823
13203
13014
13519
13693
11971
12208
13126
13318
12726
14005
13986
12371
12759
12300
14383
13600
14488
11722
