-30096.0
-36181.0
-28667.0
-22121.0
-21275.0
-21663.0
-30152.0
-25323.0
-25507.0
-32533.0
-24723.0
-23927.0
-27063.0
-23169.0
-29959.0
-28132.0
-32081.0
-26084.0
-50515.0
-24167.0
-29002.0
-24172.0
-23432.0
-22259.0
-29130.0
-22519.0
-16204.0
-23778.0
-27324.0
-21447.0
-25033.0
-30236.0
-21213.0
-18682.0
-18690.0
-37091.0
-22171.0
-16828.0
-21156.0
-28055.0
-23547.0
-19456.0
-23147.0
-19817.0
-23844.0
-19486.0
-21393.0
-19733.0
-24433.0
-27428.0
-33274.0
-19179.0
-27269.0
-17148.0
-23296.0
-22785.0
-21411.0
-21732.0
-19097.0
-23501.0
-22392.0
-18744.0
-17944.0
-16616.0
-16969.0
-20676.0
-16558.0
-22134.0
-19140.0
-18359.0
-17906.0
-25816.0
-16844.0
-20055.0
-19929.0
-24322.0
-16858.0
-22610.0
-16394.0
-15388.0
-20652.0
-14329.0
-19907.0
-15008.0
-17180.0
-15100.0
-15705.0
-19524.0
-11739.0
-15696.0
-17376.0
-17609.0
-14806.0
-24777.0
-20568.0
-15409.0
-12650.0
-16329.0
-37699.0
-18666.0
-19524.0
-14297.0
-24269.0
-22845.0
-13304.0
-18381.0
-17464.0
-18190.0
-19383.0
-15958.0
-14233.0
-16667.0
-14584.0
-14517.0
-13310.0
-17846.0
-15841.0
-16501.0
-14633.0
-17135.0
-12919.0
-16268.0
-21117.0
-16846.0
-14840.0
-15252.0
-14815.0
-16558.0
-18182.0
-15436.0
-20245.0
-17116.0
-14402.0
-15111.0
-13023.0
-17747.0
-12191.0
-17380.0
-15486.0
-14563.0
-14982.0
-14249.0
-13346.0
-12738.0
-12712.0
-13588.0
-13026.0
-14854.0
-18239.0
-16793.0
-15858.0
-13202.0
-11627.0
-11766.0
-12289.0
-13864.0
-13440.0
-14971.0
-15628.0
-13239.0
-11066.0
-12187.0
-13506.0
-11460.0
-14163.0
-11996.0
-13964.0
-15440.0
-12359.0
-11942.0
-14899.0
-10886.0
-11099.0
-14782.0
-12942.0
-12622.0
-14053.0
-15049.0
-18134.0
-10664.0
-15426.0
-10688.0
-13298.0
-14979.0
-12780.0
-12035.0
-11204.0
-11742.0
-13710.0
-13468.0
-9767.0
-12444.0
-13440.0
-11598.0
-10210.0
-16769.0
-11440.0
-12266.0
-16797.0
-10777.0
-10158.0
-10224.0
-12388.0
-12182.0
-9711.0
-12709.0
-11402.0
-13563.0
-14227.0
-10572.0
-12179.0
-9865.0
-10649.0
-10967.0
-9700.0
-10530.0
-10861.0
-9325.0
-12517.0
-9814.0
-10666.0
-10812.0
-11858.0
-10286.0
-11697.0
-8509.0
-8988.0
-8361.0
-9252.0
-9404.0
-9068.0
-8422.0
-11075.0
-11458.0
-8830.0
-10248.0
-12371.0
-9977.0
-7439.0
-9586.0
-9889.0
-9396.0
-9745.0
-9900.0
-10269.0
-10164.0
-11534.0
-10009.0
-9290.0
-9897.0
-8344.0
-8709.0
-9133.0
-10167.0
-9328.0
-8791.0
-11245.0
-9622.0
-8586.0
-9171.0
-9160.0
-9420.0
-9252.0
-10043.0
-9055.0
-8739.0
-8907.0
-9173.0
-8620.0
-7981.0
-9243.0
-7737.0
-8669.0
-10585.0
-8630.0
-9286.0
-8669.0
-8290.0
-9054.0
-9598.0
-8450.0
-10006.0
-6779.0
-8341.0
-8576.0
-9729.0
-7684.0
-8701.0
-8472.0
-8009.0
-8050.0
-7904.0
-8208.0
-8312.0
-7567.0
-6549.0
-10286.0
-8888.0
-8614.0
-7454.0
-7718.0
-6505.0
-9455.0
-7053.0
-7015.0
-8309.0
-7866.0
-8003.0
-6625.0
-7586.0
-7695.0
-8187.0
-9661.0
-7545.0
-7644.0
-6667.0
-7238.0
-7787.0
-8066.0
-7539.0
-7822.0
-7773.0
-6835.0
-6760.0
-7649.0
-8452.0
-7947.0
-7918.0
-6653.0
-7001.0
-7374.0
-7103.0
-7656.0
-7680.0
-7311.0
-6566.0
-8319.0
-7908.0
-6066.0
-7768.0
-6465.0
-7266.0
-7851.0
-6418.0
-7550.0
-7353.0
-7866.0
-6314.0
-7270.0
-7683.0
-6870.0
-7683.0
-7224.0
-5291.0
-8201.0
-7721.0
-6898.0
-6637.0
-6163.0
-7111.0
-5600.0
-6405.0
-5792.0
-6641.0
-6174.0
-6679.0
-7381.0
-6175.0
-6786.0
-7001.0
-6548.0
-6640.0
-5445.0
-6726.0
-6701.0
-6908.0
-6916.0
-4890.0
-6324.0
-5966.0
-6391.0
-5168.0
-5599.0
-7405.0
-6878.0
-6161.0
-5293.0
-5541.0
-6124.0
-5752.0
-5928.0
-6180.0
-5427.0
-5512.0
-5632.0
-5432.0
-6378.0
-5595.0
-6680.0
-5711.0
-5902.0
-4477.0
-6312.0
-6696.0
-6403.0
-6104.0
-5973.0
-5235.0
-6237.0
-5610.0
-5996.0
-4986.0
-5559.0
-6471.0
-5030.0
-5496.0
-5501.0
-5988.0
-5414.0
-5502.0
-5353.0
-5177.0
-5496.0
-5192.0
-5091.0
-5306.0
-4932.0
-5680.0
-5348.0
-5409.0
-6203.0
-5209.0
-5217.0
-5116.0
-5348.0
-5629.0
-5565.0
-4935.0
-6007.0
-5128.0
-6101.0
-5458.0
-4988.0
-5109.0
-5168.0
-5379.0
-5046.0
-5132.0
-5156.0
-4646.0
-5359.0
-5990.0
-4512.0
-4360.0
-5082.0
-5181.0
-4420.0
-4756.0
-4824.0
-5812.0
-4819.0
-4886.0
-4341.0
-4687.0
-4602.0
-4743.0
-4691.0
-4893.0
-4766.0
-4303.0
-4407.0
-4743.0
-4722.0
-5312.0
-5016.0
-4862.0
-4622.0
-4487.0
-4755.0
-4705.0
-4394.0
-4879.0
-4499.0
-4581.0
-4159.0
-4837.0
-4349.0
-4796.0
-4514.0
-4802.0
-4907.0
-4672.0
-4469.0
-4134.0
-4468.0
-4513.0
-4460.0
-4769.0
-5000.0
-3755.0
