7.966851851851852
9.451296296296297
7.671666666666667
6.170555555555556
6.308518518518518
6.2901851851851855
7.962037037037037
7.331851851851852
7.136111111111111
8.52
7.010740740740741
6.616851851851852
7.263888888888889
6.546111111111111
7.932777777777778
7.646851851851852
8.498333333333333
7.113333333333333
13.248518518518518
7.035555555555556
7.670185185185185
6.862962962962963
7.066111111111111
6.2881481481481485
7.644444444444445
6.410555555555556
5.106296296296296
6.688518518518518
7.427407407407407
6.16962962962963
6.802962962962963
7.833333333333333
6.146296296296296
5.382592592592593
5.419074074074074
10.100185185185186
6.3896296296296295
5.065740740740741
6.056481481481481
8.042777777777777
7.0559259259259255
5.687222222222222
6.380740740740741
5.761481481481481
6.6285185185185185
5.689074074074074
6.122777777777777
6.020185185185185
6.6627777777777775
7.529259259259259
8.837962962962964
5.742407407407407
7.503703703703704
5.311111111111111
7.473148148148148
6.45037037037037
6.490925925925926
6.237592592592593
5.57
6.583703703703704
6.910555555555556
5.627222222222223
5.2811111111111115
5.065925925925926
5.350185185185185
6.102222222222222
5.125555555555556
6.21537037037037
5.5559259259259255
5.622962962962963
5.427777777777778
7.18
4.9944444444444445
6.059814814814815
6.024074074074074
6.701851851851852
5.162592592592593
6.54462962962963
5.177037037037037
4.848888888888889
6.463888888888889
4.580925925925926
6.125925925925926
4.857222222222222
5.378703703703704
5.059814814814815
5.435555555555555
5.649629629629629
3.9546296296296295
4.894444444444445
5.25037037037037
5.341111111111111
4.82037037037037
7.379814814814814
6.042222222222223
4.947037037037037
4.145370370370371
5.111666666666666
11.116666666666667
5.459444444444444
5.706296296296296
4.887777777777778
6.743703703703703
6.366481481481482
4.41
6.042777777777777
5.305185185185185
5.786111111111111
5.836481481481481
5.28037037037037
4.628333333333333
5.075555555555556
4.637777777777778
4.748333333333333
4.475370370370371
5.684074074074074
5.1066666666666665
5.073888888888889
4.68
5.34
4.414074074074074
4.951851851851852
6.3475925925925925
5.248518518518519
4.4998148148148145
4.733888888888889
4.651851851851852
5.016481481481481
5.718703703703704
4.992592592592593
6.0835185185185185
5.786296296296296
4.560740740740741
4.576296296296296
4.156666666666666
5.574259259259259
4.092962962962963
5.418703703703704
4.6648148148148145
4.739444444444445
5.237037037037037
4.5579629629629625
4.3933333333333335
4.329814814814815
4.317592592592592
4.633518518518518
4.392592592592592
4.834074074074074
5.626666666666667
5.191111111111111
5.04074074074074
4.453888888888889
3.9948148148148146
4.09
4.186296296296296
4.395185185185185
4.382407407407407
4.810740740740741
4.823888888888889
4.522407407407408
4.143518518518518
4.085740740740741
4.296296296296297
4.065
4.528148148148148
4.054074074074074
4.523703703703704
4.677777777777778
4.233888888888889
4.2011111111111115
4.843333333333334
3.7687037037037037
3.897407407407407
4.8335185185185185
4.262407407407407
4.332407407407407
4.601296296296296
5.1087037037037035
5.813148148148148
3.7448148148148146
5.302407407407407
4.139814814814815
4.54462962962963
5.162037037037037
4.435740740740741
4.295740740740741
3.792777777777778
4.046111111111111
4.588333333333333
4.364074074074074
3.68962962962963
4.164259259259259
4.62537037037037
4.011296296296297
3.770185185185185
5.050925925925926
3.9762962962962964
4.546296296296297
5.32462962962963
3.799074074074074
3.649259259259259
3.853148148148148
4.28962962962963
4.0162962962962965
3.967962962962963
4.072777777777778
4.425
4.4
4.657962962962963
3.835
4.281296296296296
3.8074074074074074
3.6612962962962965
4.010555555555555
3.7155555555555555
3.729814814814815
3.9355555555555557
3.5494444444444446
4.386666666666667
3.5105555555555554
4.007777777777778
3.882037037037037
4.102407407407408
3.7131481481481483
4.2337037037037035
3.3181481481481483
3.7892592592592593
3.3287037037037037
3.515185185185185
3.6766666666666667
3.492777777777778
3.330740740740741
3.9851851851851854
4.038518518518519
3.321851851851852
3.8433333333333333
4.274814814814815
3.734814814814815
3.2203703703703703
3.8981481481481484
3.5903703703703704
3.5392592592592593
3.577962962962963
3.7316666666666665
4.183518518518518
3.9164814814814815
4.016666666666667
3.729074074074074
3.522777777777778
3.6238888888888887
3.1998148148148147
3.4501851851851852
3.417222222222222
3.792962962962963
3.6818518518518517
3.502037037037037
4.299814814814815
3.682777777777778
3.5462962962962963
3.674074074074074
3.4716666666666667
3.6822222222222223
3.7112962962962963
3.671111111111111
3.488148148148148
3.333148148148148
3.390185185185185
3.499814814814815
3.4614814814814814
3.343888888888889
3.4851851851851854
3.4283333333333332
3.3614814814814813
3.889074074074074
3.3759259259259258
3.466111111111111
3.737037037037037
3.2114814814814814
3.5262962962962963
3.7625925925925925
3.4946296296296295
3.89537037037037
2.8275925925925924
3.4562962962962964
3.34
3.77462962962963
3.2537037037037035
3.276851851851852
3.4283333333333332
3.244074074074074
3.348888888888889
3.398888888888889
3.5187037037037037
3.450925925925926
3.1168518518518518
2.9966666666666666
3.7822222222222224
3.4183333333333334
3.3292592592592594
3.1396296296296295
3.0742592592592595
2.8287037037037037
3.887037037037037
3.107962962962963
2.977592592592593
3.6818518518518517
3.485925925925926
3.368333333333333
2.852592592592593
2.975740740740741
3.1348148148148147
3.3753703703703706
3.9811111111111113
3.2755555555555556
3.153703703703704
3.232222222222222
3.4627777777777777
3.2981481481481483
3.4475925925925925
3.1277777777777778
3.1575925925925925
3.136851851851852
2.977777777777778
3.2262962962962964
3.1812962962962965
3.4007407407407406
3.3783333333333334
3.278888888888889
2.7957407407407406
3.0768518518518517
3.1524074074074075
3.0596296296296295
3.150925925925926
3.017037037037037
3.3562962962962963
2.9864814814814813
3.347962962962963
3.2075925925925928
2.974074074074074
3.0951851851851853
2.929074074074074
3.1546296296296297
3.294074074074074
3.377037037037037
3.236111111111111
3.0816666666666666
3.1294444444444443
3.425
2.982037037037037
3.1892592592592592
3.1127777777777776
3.218703703703704
3.362222222222222
2.553703703703704
3.498148148148148
3.0477777777777777
3.0175925925925924
2.9294444444444445
2.8844444444444446
3.1059259259259258
2.600740740740741
2.794074074074074
2.8105555555555557
2.843148148148148
3.2194444444444446
3.0346296296296296
3.0901851851851854
2.8272222222222223
3.272962962962963
3.552962962962963
2.926111111111111
3.059814814814815
2.513888888888889
2.888148148148148
2.867777777777778
3.053148148148148
2.979074074074074
2.6616666666666666
2.832962962962963
2.7835185185185187
2.8561111111111113
2.6294444444444443
2.652037037037037
3.1475925925925927
3.048888888888889
2.897777777777778
2.578888888888889
2.669814814814815
2.936851851851852
2.6296296296296298
2.768148148148148
2.880925925925926
2.54037037037037
2.600740740740741
2.5064814814814813
3.2087037037037036
2.945925925925926
2.774074074074074
3.2996296296296297
2.6657407407407407
2.8866666666666667
2.503888888888889
2.7912962962962964
2.956111111111111
3.024259259259259
2.8651851851851853
2.877962962962963
2.7218518518518517
3.035185185185185
2.714259259259259
2.986666666666667
2.7914814814814815
2.8333333333333335
2.9207407407407406
2.490925925925926
2.6418518518518517
2.7216666666666667
2.7646296296296295
2.636111111111111
2.8664814814814816
2.775
2.6364814814814816
3.0970370370370373
2.3474074074074074
2.637037037037037
2.709074074074074
2.5498148148148148
2.6205555555555557
2.5768518518518517
2.6733333333333333
2.966666666666667
2.69
2.754074074074074
2.6127777777777776
2.5103703703703704
2.8866666666666667
2.5792592592592594
2.772407407407407
2.6175925925925925
2.6246296296296294
2.8225925925925925
3.040185185185185
2.4875925925925926
2.680925925925926
2.63
2.7666666666666666
2.5166666666666666
2.632962962962963
2.636111111111111
2.390185185185185
2.725925925925926
2.795
2.4516666666666667
2.6087037037037035
2.522962962962963
2.679074074074074
2.2998148148148148
2.457037037037037
2.5637037037037036
2.798888888888889
2.568888888888889
2.5616666666666665
2.3807407407407406
2.3924074074074073
2.8305555555555557
2.4631481481481483
2.5077777777777777
2.3559259259259258
2.4942592592592594
2.5572222222222223
2.477222222222222
2.772777777777778
2.726111111111111
2.6112962962962962
2.47
2.502407407407407
2.4227777777777777
2.515
2.4424074074074076
2.4051851851851853
2.487962962962963
2.745
2.445
2.41
2.5035185185185185
2.535740740740741
2.216851851851852
2.260740740740741
2.430740740740741
2.466296296296296
2.3566666666666665
2.5935185185185183
2.59
2.290925925925926
2.3627777777777776
2.2777777777777777
2.6635185185185186
2.5185185185185186
2.682962962962963
2.1707407407407406
