1.7748926547832613
15.457076589182691
10.109426589182679
1.7754269230769233
10.114765891826924
10.114635338264275
7.336765883479044
1.7806356728677162
1.7342491292400193
7.331426923071184
9.901076923076923
1.0862692307691946
4.553426923076745
4.5534269230578905
4.460699451783114
1.0862692307169293
7.336769230769231
7.58607441886687
10.114769230769195
10.11476552454327
10.114635664729567
1.086269147295673
10.114765557911772
7.336769228473708
1.0576543232418472
12.892765891826922
4.558769228682392
9.879707692307694
4.558769230769231
4.323707691472899
7.3366222839182695
7.1225426923071185
15.670635664729565
1.0809265557911767
10.114769230767223
1.7806356730716928
7.33142692307692
15.664892692307678
4.558635673076919
15.670635672847368
7.336635663782327
7.336635673071706
4.558769138030103
7.123076923076923
4.558769228682392
12.892765557909737
4.345076589161824
1.7806223172867663
9.901063567286773
15.67076923071706
1.0809265891821707
15.66542692284528
10.114765861823997
7.336769228677175
10.109426914729568
7.336769147086988
12.892769230767925
12.89276922868226
10.11476923076923
1.78076923071183
4.558769138111286
10.10889265891827
1.7754135673076923
9.87965413566473
7.336769230769195
1.780769147295673
1.08626589182692
15.192074643068636
1.0862692307692308
1.780769147295673
1.0862692307679265
7.331426923076924
7.329475524943584
4.558769147295673
4.541004120588553
9.901076913802175
12.892765891826922
7.336769230769231
12.892635672847314
1.774891356730717
9.90107692307692
7.331426914729046
1.780765891826923
1.0862691381135803
10.114635672867717
4.558769228682392
15.670635673076925
7.336765882644775
7.336769230769231
15.67063533918269
4.5587692307170595
1.0556472576081664
7.123076923076923
15.670769230769196
15.665426914729569
4.552891353021204
12.88689269230768
10.108891356730718
4.558769230767926
12.679076552454118
4.558620981730769
12.887426589182692
12.892769230769229
1.0862692307170598
1.0861208348173075
15.670765891826921
10.114769230767797
15.670635339159503
12.679076923071706
7.336769230711843
12.886892692284738
4.558765883479568
12.892622316389483
12.892769228473707
15.665426923071124
11.66649030993173
7.123062228057014
4.5528392692286825
7.331426923076924
1.780769228450523
15.670765891821702
10.114635339182692
10.109426914706404
10.114769230711843
7.331413530245433
4.558765891826792
10.108839265882645
15.670769230769196
4.558765883479555
12.679076923076924
9.879707691472957
1.086269230711321
1.0809135305709587
15.665426923076916
12.887413567307693
15.67076923076923
15.670765883479556
7.336769230769231
1.7754269230767927
1.0861223142985186
9.900542692286772
9.901063567307693
12.892769230769233
12.892769230767925
4.323707691389483
1.7807692307692307
1.0613393520369896
12.887413567307693
7.336769230769231
4.321357076923077
7.330839269230768
15.670765883456614
4.558765882561358
4.345062228382553
15.670769230767922
7.1730133546996555
7.336769147295674
15.670635673076777
12.60079813869872
12.657707691470865
7.336620848173072
9.877564892692288
12.679076922845075
15.670769230767922
4.558769230769231
4.344542692284505
4.553413566389478
1.086269228682247
15.664892692286822
1.0862692307677817
10.114769138113582
1.086265891826923
15.457076923071128
12.892769230769229
12.887426914729048
15.664839265882643
1.7807691472898821
7.330839135339183
1.7806356728450747
7.336769228682388
12.892635664729568
4.3236483926923075
1.7748926914729566
12.892620978391827
1.780635672868239
15.670635672845282
15.670765891618236
1.0862692307692299
1.0862692286822615
15.670769230711318
1.7754269147290458
12.892769228473693
7.336635673076924
4.5587691470638045
10.11476555793268
10.114769138113582
10.114769230711264
15.457076589161824
1.3315726874822271
1.7807692307679233
1.7748878729778343
1.0803926914729554
1.0862658834586976
15.08661465906252
7.336769230769231
15.665412228382554
15.664833333926925
12.679063533915974
1.08626589182692
7.336635673071706
15.665426555709564
7.331413567307692
1.7754269228682393
4.34454265520837
4.323707692307114
9.877570769138112
12.655335707658917
12.892622283834797
12.887426913892517
1.0862691389483172
1.7806356647290458
1.7754122316380219
10.10942655208704
7.099570449143644
9.900541356728683
4.552833926552084
7.101706356730718
7.171143822760586
1.780635663811358
10.109413567284737
15.457076923071691
12.88689265520837
9.879706353057932
4.553413567284507
9.901062231638113
1.0861209817307114
4.5587655579095285
7.123063566472956
4.553426589159508
12.88683333926923
15.45706223163811
7.3179733672077445
1.086265891826923
15.457062083333483
4.321570622316473
15.665426923071703
12.384293008197792
12.657703276898658
1.0862655208337035
15.435706356647291
1.3482152650063948
15.457076913892745
1.7754265891826926
10.10883339265892
12.892622316470868
1.086269138020926
15.670635339159503
1.0406233214345466
4.323707691470638
4.321570622317308
10.114635663802176
1.0862692307692308
4.55876923076923
4.558769228450544
7.099335706209817
4.321335654269231
10.114769147289817
7.101706208333482
9.87970635663803
15.665413530208331
1.0803926922868226
1.7807692286765953
4.558622316389478
15.457063566389484
7.123076552454322
12.89262083481639
1.0861356638925357
7.123062231647296
12.679076923076778
15.670765882553008
15.670620833333334
7.123063566380208
14.929354982046771
12.892620981638022
7.099335654135665
12.887426913803012
12.657706209817285
7.099565412083334
1.780769138030103
12.886839269147291
12.678541208481729
12.887426922847371
15.670765557932691
7.331426552454327
12.679063566389255
15.66483926555793
9.90107692284737
15.435521859763185
4.558765524543269
4.558769230769231
12.886833926923078
10.114620833333333
15.433570635663813
12.886833339265522
1.0861356647290443
7.336765891826792
7.331426913811359
1.780769138021761
4.321570635663802
12.655570769138949
15.45707691380299
15.670635305701444
15.435707658918266
7.101707691472899
9.879706208481732
12.886833339265895
10.114620834816382
7.099570620834816
15.670622316381133
12.655570620981639
10.114765891618239
12.655570620978384
10.108833333333333
1.0861209816472899
9.87970635664729
4.323707658915953
15.664892691470868
12.67907691389483
4.34507658834564
10.109426589161822
7.101706208348165
7.336769138020832
10.11462083333335
15.455128715322326
9.901076913802083
1.0861208334816381
1.0803339265557912
4.5528926922868225
7.3314135302083345
7.123062098163802
9.630079889225764
15.43335707658918
10.114620981730768
15.45706208348173
9.90054120981639
10.108833392655209
7.099333333333334
7.0993357062231635
15.433333333333332
12.655333333357062
4.321570769138928
7.099357076552084
1.0803926913802093
4.55862084816473
7.099333357076924
1.0803333339265557
7.099333333357078
4.558765520833704
7.336635663803011
3.4095181972020443
4.345076913802176
9.877333357062232
12.892765520870432
4.323706356728451
12.892622316470641
12.886833926589162
9.879706223164728
7.123062098164729
10.114620833333333
7.099333333570636
1.7748333926552085
7.336769228450521
15.433333333333332
12.655333333357078
1.7807655208333373
10.108839265520833
12.655570620833334
7.1017062083481735
7.330833339265892
4.321333357062098
4.321333333357076
4.344542692286823
15.665413530208331
4.558620833481639
1.0809269138020834
7.099335706208469
4.321333333333335
4.321357076552084
4.321333357076923
15.433357076913802
7.101707655579095
4.3450765891826775
12.655333333357062
4.321565426913894
4.558765557932691
7.099335706208478
15.433333333333355
1.0862691380208427
12.655335706208348
9.877333570769231
4.321357062083333
1.0862692284507527
15.433570620833484
4.323706356730712
7.123062083481638
15.665426589159733
12.655333333333335
4.323706208333482
6.602781136110463
4.316821021263371
1.0861223164706382
4.321357076913803
15.43333570635665
15.457062083333335
7.099333570620834
9.877333357062083
7.123062083333482
12.130596474233297
7.101707655211959
4.3213335707658835
9.877492812129315
4.321333333335708
9.877333333335708
1.7748333333926554
12.886839265520834
4.558620833348163
12.886892655208333
1.3484908283724355
7.099333333357063
9.877357062084815
12.679062083348175
12.878312318810464
9.90054135672845
7.099333332860239
4.552891353020834
15.433333333333355
12.886833333333334
4.321357062231639
4.3213333333333575
15.433333333333332
9.901076913894775
4.32133333570621
9.877333335707656
15.435706208333334
1.0603466705451403
7.123063455204909
1.7806208333333333
9.877333570620834
4.558620833333333
15.433333333333332
1.0671228926899592
10.108833333333928
4.3215706208333335
9.877357062083334
9.877333333333334
15.433333333333332
4.321333333570621
15.4570620981638
15.433570620833347
12.655333333333335
9.877333333333334
9.879706208333335
15.433333333333332
4.3213333333333335
4.3213333333333335
15.433333335706209
4.321333333570621
7.09957062083347
12.655333333333335
7.099333333333334
7.099570620833333
7.101706208333482
12.655333333333335
7.099333333333334
9.8773333570621
15.670622317307112
7.099333333333334
7.099333333333334
1.7806208333333333
15.433357062083331
9.877445290871972
4.323706208333482
4.3213333333333335
9.877333333570622
4.321333333333335
15.433333333333332
12.655333333333335
7.10170620833333
4.3213333333333335
4.3213333333333335
15.433335706208334
9.877570620833334
15.433333333333332
7.099333333333334
4.3213333333333335
7.101706208333335
9.877333333333334
7.099333333333334
7.099333333333334
9.877333333333334
