1.518888888888889
2.1398148148148146
2.2316666666666665
2.4255555555555555
2.3051851851851852
1.760185185185185
1.8572222222222223
1.9666666666666666
1.9822222222222223
2.394814814814815
1.7107407407407407
1.5916666666666666
1.5246296296296296
1.7940740740740742
1.5444444444444445
1.7781481481481483
1.5537037037037038
1.5875925925925927
1.6774074074074075
1.6964814814814815
1.772962962962963
1.3862962962962964
2.071296296296296
1.2772222222222223
1.1916666666666667
1.1937037037037037
1.5037037037037038
1.450925925925926
1.3605555555555555
1.5342592592592592
1.5333333333333334
1.5055555555555555
1.425185185185185
1.617962962962963
1.3492592592592592
3.1422222222222222
1.4512962962962963
1.2877777777777777
1.2627777777777778
2.2316666666666665
1.4659259259259259
1.443148148148148
1.172962962962963
1.4972222222222222
1.2746296296296296
1.414074074074074
1.410925925925926
1.4705555555555556
1.2635185185185185
1.302037037037037
1.4133333333333333
1.1851851851851851
1.0957407407407407
1.482962962962963
2.097777777777778
1.0703703703703704
2.676111111111111
1.1996296296296296
1.1946296296296297
0.9531481481481482
2.165925925925926
1.1694444444444445
1.1214814814814815
1.0105555555555557
1.0538888888888889
1.1348148148148147
1.1153703703703703
1.3064814814814816
1.2107407407407407
1.1337037037037037
1.1753703703703704
1.1031481481481482
1.0977777777777777
1.1864814814814815
0.960925925925926
1.167037037037037
1.0633333333333332
1.3777777777777778
1.0544444444444445
0.9744444444444444
1.6481481481481481
1.127962962962963
1.1772222222222222
1.1866666666666668
1.0722222222222222
1.9975925925925926
2.020925925925926
1.3483333333333334
1.0633333333333332
1.0355555555555556
0.9929629629629629
1.0764814814814814
1.1411111111111112
1.2501851851851853
0.9318518518518518
1.0496296296296297
0.9377777777777778
1.0
1.9425925925925926
1.0055555555555555
