-3655.0
-5830.0
-5015.0
-6621.0
-5464.0
-4727.0
-4534.0
-5075.0
-4696.0
-5230.0
-4771.0
-4180.0
-3930.0
-4358.0
-3839.0
-5062.0
-3825.0
-3570.0
-3761.0
-3704.0
-3757.0
-3192.0
-3707.0
-2822.0
-2672.0
-2680.0
-3316.0
-3091.0
-2742.0
-3775.0
-3808.0
-3675.0
-3812.0
-3501.0
-2797.0
-3978.0
-2429.0
-2939.0
-2429.0
-4574.0
-3314.0
-3495.0
-2950.0
-2624.0
-2393.0
-3147.0
-3246.0
-2809.0
-2546.0
-2966.0
-2719.0
-2106.0
-2299.0
-2984.0
-3437.0
-2128.0
-2664.0
-2262.0
-2127.0
-1865.0
-3321.0
-2115.0
-1852.0
-1545.0
-1569.0
-2030.0
-1964.0
-2183.0
-2102.0
-2107.0
-1948.0
-1683.0
-1878.0
-1948.0
-1623.0
-1743.0
-1441.0
-2172.0
-1728.0
-1546.0
-2475.0
-1777.0
-1604.0
-1407.0
-1248.0
-2949.0
-2313.0
-1630.0
-1424.0
-1397.0
-1353.0
-1615.0
-1481.0
-1526.0
-1640.0
-1594.0
-1096.0
-1606.0
-2391.0
-1210.0
