8202
11555
12051
13098
12448
9505
10029
10620
10704
12932
9238
8595
8233
9688
8340
9602
8390
8573
9058
9161
9574
7486
11185
6897
6435
6446
8120
7835
7347
8285
8280
8130
7696
8737
7286
16968
7837
6954
6819
12051
7916
7793
6334
8085
6883
7636
7619
7941
6823
7031
7632
6400
5917
8008
11328
5780
14451
6478
6451
5147
11696
6315
6056
5457
5691
6128
6023
7055
6538
6122
6347
5957
5928
6407
5189
6302
5742
7440
5694
5262
8900
6091
6357
6408
5790
10787
10913
7281
5742
5592
5362
5813
6162
6751
5032
5668
5064
5400
10490
5430
