6.3875925925925925
5.814259259259259
6.543888888888889
6.854074074074074
8.244814814814815
7.349444444444444
4.09037037037037
4.252407407407407
5.292407407407407
5.03962962962963
5.492222222222222
4.679074074074074
4.081111111111111
3.8544444444444443
5.599259259259259
4.79037037037037
3.8405555555555555
3.467962962962963
3.4274074074074075
3.185
3.075740740740741
3.6064814814814814
4.808703703703704
3.1418518518518517
3.1592592592592594
3.8338888888888887
3.3455555555555554
2.831851851851852
2.4077777777777776
3.0774074074074074
2.543888888888889
2.753888888888889
3.001851851851852
2.794814814814815
2.5362962962962965
3.033703703703704
2.428703703703704
2.472777777777778
2.15
3.0683333333333334
2.0675925925925926
2.264074074074074
2.0435185185185185
2.3759259259259258
2.5927777777777776
1.9572222222222222
1.7805555555555554
2.0405555555555557
2.023888888888889
1.693888888888889
