-915334.0
-578467.0
-456550.0
-746215.0
-533390.0
-466806.0
-338694.0
-423875.0
-192177.0
-480354.0
-433990.0
-643687.0
-404191.0
-618569.0
-634712.0
-425761.0
-334897.0
-541716.0
-291149.0
-449506.0
-821792.0
-230668.0
-606824.0
-387135.0
-317771.0
-369225.0
-562961.0
-288829.0
-639631.0
-725072.0
-548897.0
-283766.0
-1075659.0
-513162.0
-402860.0
-675504.0
-241243.0
-280776.0
-569259.0
-633201.0
-391294.0
-368390.0
-499599.0
-272980.0
-231192.0
-142335.0
-434131.0
-434422.0
-481333.0
-542062.0
-288524.0
-169339.0
-291368.0
-109099.0
-569812.0
-367937.0
-262107.0
-252395.0
-259032.0
-217158.0
-580270.0
-442228.0
-207439.0
-204111.0
-314503.0
-251632.0
-188135.0
-385547.0
-198247.0
-467504.0
-168847.0
-488644.0
-455057.0
-246572.0
-177899.0
-206667.0
-173487.0
-378307.0
-181277.0
-193692.0
-334908.0
-195249.0
-601733.0
-147285.0
-348811.0
-456286.0
-338748.0
-116437.0
-487900.0
-592147.0
-194019.0
-143460.0
-269973.0
-239909.0
-141133.0
-165551.0
-232470.0
-171458.0
-221838.0
-532275.0
-147928.0
-428811.0
-182216.0
-230915.0
-96037.0
-251734.0
-134864.0
-126335.0
-223149.0
-254241.0
-259709.0
-125856.0
-186310.0
-145429.0
-437182.0
-135086.0
-117333.0
-312691.0
-119370.0
-314606.0
-222155.0
-71018.0
-229661.0
-108563.0
-196879.0
-70324.0
-202818.0
-241427.0
-237807.0
-75188.0
-167562.0
-291458.0
-65668.0
-82162.0
-191841.0
-148835.0
-78866.0
-210212.0
-137155.0
-69561.0
-235871.0
-162939.0
-66554.0
-117442.0
-246953.0
-163619.0
-139117.0
-205509.0
-231330.0
-148925.0
-150878.0
-95739.0
-77987.0
-93900.0
-288302.0
-140115.0
-115559.0
-151304.0
-180512.0
-68940.0
-204052.0
-80706.0
-71650.0
-56896.0
-145187.0
-75249.0
-94720.0
-168611.0
-65943.0
-101666.0
-98897.0
-59210.0
-87141.0
-215307.0
-82307.0
-89381.0
-96109.0
-127755.0
-132032.0
-72222.0
-146905.0
-81338.0
-91446.0
-92277.0
-63723.0
-153100.0
-104964.0
-81275.0
-84751.0
-72105.0
-66928.0
-80569.0
-74397.0
-80387.0
-170410.0
-64837.0
-67662.0
-92648.0
-95512.0
-58340.0
-67579.0
-100684.0
-115608.0
-56150.0
-104549.0
-67927.0
-149818.0
-181135.0
-90040.0
-100503.0
-60847.0
-136986.0
-51519.0
-58403.0
-69000.0
-84967.0
-105629.0
-57228.0
-58017.0
-141066.0
-69364.0
-72682.0
-79576.0
-50720.0
-69958.0
-225137.0
-125413.0
-72093.0
-139087.0
-52080.0
-58302.0
-55631.0
-107956.0
-65814.0
-46075.0
-50681.0
-102623.0
-67105.0
-58679.0
-126019.0
-108150.0
-77250.0
-54766.0
-61131.0
-89559.0
-172299.0
-47052.0
-60054.0
-56673.0
-103657.0
-54421.0
-45175.0
-52685.0
-84598.0
-65821.0
-55335.0
-64839.0
-47418.0
-53770.0
-47253.0
-49332.0
-41400.0
-68628.0
-46913.0
-51220.0
-39587.0
-84372.0
-89258.0
-44870.0
-44823.0
-63083.0
-86429.0
-74587.0
-48760.0
-60340.0
-59369.0
-85062.0
-48640.0
-45681.0
-44042.0
-68176.0
-51875.0
-79796.0
-50895.0
-73745.0
-46878.0
-86218.0
-47918.0
-42082.0
-48579.0
-49061.0
-39988.0
-50001.0
-44356.0
-40455.0
-81106.0
-79672.0
-71558.0
-46637.0
-37033.0
-54092.0
-62969.0
-48587.0
-38132.0
-73972.0
-61175.0
-91389.0
-45261.0
-38651.0
-38149.0
-45137.0
-41107.0
-70814.0
-40854.0
-35998.0
-61738.0
-65374.0
-62919.0
-35268.0
-63314.0
-37574.0
-43186.0
-45548.0
-44048.0
-33641.0
-47174.0
-39301.0
-34519.0
-43044.0
-54629.0
-37817.0
-33483.0
-35178.0
-36048.0
-42079.0
-38417.0
-38742.0
-42777.0
-30792.0
-63299.0
-42730.0
-38953.0
-52151.0
-53561.0
-43961.0
-48063.0
-54491.0
-49317.0
-36591.0
-36770.0
-51135.0
-57303.0
-56402.0
-32829.0
-46556.0
-33870.0
-38528.0
-33892.0
-29495.0
-30473.0
-34868.0
-31604.0
-50554.0
-39240.0
-53591.0
-31401.0
-28725.0
-26436.0
-52924.0
-47835.0
-47072.0
-27699.0
-30746.0
-33762.0
-51622.0
-30192.0
-26576.0
-60066.0
-30172.0
-53670.0
-33586.0
-29384.0
-29048.0
-52101.0
-45584.0
-27348.0
-32599.0
-45829.0
-37319.0
-29585.0
-31894.0
-31163.0
-29791.0
-33852.0
-57080.0
-46689.0
-29755.0
-39406.0
-44751.0
-32777.0
-24637.0
-25961.0
-28552.0
-29094.0
-35715.0
-35535.0
-26579.0
-46859.0
-43594.0
-30058.0
-37263.0
-30438.0
-25001.0
-29971.0
-30152.0
-26825.0
-25324.0
-23608.0
-28338.0
-41927.0
-38464.0
-26243.0
-41189.0
-27672.0
-24187.0
-26477.0
-29922.0
-25815.0
-36526.0
-36990.0
-43706.0
-32908.0
-23308.0
-29332.0
-23154.0
-32281.0
-38237.0
-35614.0
-28020.0
-26695.0
-36186.0
-33708.0
-24034.0
-34083.0
-22200.0
-21688.0
-27341.0
-31383.0
-27552.0
-39297.0
-29847.0
-22659.0
-24223.0
-32205.0
-24877.0
-20773.0
-31854.0
-37052.0
-26715.0
-24427.0
-23824.0
-36310.0
-23379.0
-23588.0
-40337.0
-23143.0
-23015.0
-21522.0
-23142.0
-33882.0
-21625.0
-32020.0
-31990.0
-21680.0
-22733.0
-22201.0
-20372.0
-21253.0
-21805.0
-21041.0
-30151.0
-27921.0
-21767.0
-21950.0
-20958.0
-20050.0
-31324.0
-22953.0
-19324.0
-21324.0
-30999.0
-36189.0
-21376.0
-20346.0
-21105.0
-21428.0
-21936.0
-19267.0
-20951.0
-17032.0
