299.6824074074074
197.80444444444444
166.59648148148148
248.76722222222222
170.3014814814815
187.7422222222222
123.90166666666667
156.53296296296296
87.55666666666667
163.18092592592592
184.4525925925926
213.92037037037036
156.20092592592593
235.6161111111111
243.6927777777778
155.42574074074074
149.0612962962963
185.52333333333334
117.75222222222222
179.6512962962963
299.1703703703704
94.73481481481481
247.69314814814814
167.95314814814816
129.46314814814815
162.76611111111112
223.91407407407408
111.52351851851851
230.35666666666665
269.93111111111114
192.8737037037037
117.07314814814815
341.11648148148146
184.65814814814814
151.2585185185185
250.19444444444446
108.4962962962963
117.39166666666667
222.15777777777777
239.86555555555555
163.76537037037036
156.30944444444444
177.0735185185185
104.60444444444444
104.68314814814815
73.48759259259259
181.86314814814816
157.15296296296296
211.11314814814816
210.04537037037036
121.42685185185185
79.5524074074074
121.84444444444445
54.51759259259259
219.31462962962962
152.0251851851852
134.09444444444443
113.33092592592592
113.27444444444444
102.90574074074074
224.07888888888888
187.14185185185184
100.68166666666667
82.96814814814815
119.91092592592592
105.99240740740741
82.64259259259259
165.70222222222222
83.59425925925926
191.70537037037036
72.09092592592593
205.86777777777777
176.83962962962963
109.51166666666667
80.21037037037037
80.70185185185186
91.83777777777777
167.58851851851853
79.72740740740741
78.03481481481481
145.90296296296296
86.10851851851852
222.79111111111112
75.44814814814815
140.30648148148148
188.46944444444443
147.73222222222222
49.17722222222222
196.44222222222223
223.44722222222222
86.10388888888889
68.33555555555556
111.45055555555555
138.79314814814813
67.48685185185185
78.37851851851852
100.27796296296296
86.48574074074074
129.47203703703704
214.2701851851852
70.3711111111111
183.02296296296296
89.40333333333334
95.28851851851852
57.522962962962964
143.1811111111111
71.31611111111111
59.941296296296294
104.88481481481482
121.14314814814814
140.74074074074073
67.02388888888889
85.40240740740741
69.47055555555555
179.285
69.84425925925926
66.88240740740741
155.2288888888889
71.90962962962963
137.73055555555555
95.95574074074074
40.28148148148148
102.21851851851852
57.59814814814815
96.22018518518519
36.406851851851854
130.66611111111112
123.61444444444444
121.7262962962963
44.93574074074074
88.38222222222223
131.68
41.41481481481482
41.413333333333334
89.22833333333334
84.52722222222222
49.39222222222222
121.49925925925926
93.20314814814814
41.08574074074074
113.6312962962963
84.26296296296296
39.34685185185185
67.31037037037036
101.61462962962963
96.15851851851852
73.02425925925925
116.99648148148148
124.49111111111111
98.0837037037037
77.82388888888889
49.800555555555555
52.23
49.723703703703706
137.82
69.73777777777778
54.046851851851855
97.15685185185185
112.3575925925926
37.12740740740741
117.70944444444444
46.42333333333333
45.95759259259259
37.24574074074074
68.79592592592593
44.108333333333334
53.254444444444445
102.29629629629629
41.059814814814814
58.612037037037034
56.861296296296295
33.55925925925926
47.65907407407408
119.70703703703704
51.22481481481481
51.21703703703704
46.404444444444444
89.94777777777777
85.95425925925926
42.09740740740741
103.42111111111112
62.922777777777775
50.837037037037035
64.51814814814814
39.364814814814814
95.55185185185185
78.48351851851852
52.60722222222222
47.60592592592592
45.03740740740741
40.34759259259259
49.25888888888889
47.88740740740741
45.79277777777778
98.89
37.955925925925925
39.96574074074074
68.61666666666666
55.94722222222222
32.64
40.92333333333333
75.52592592592593
65.69666666666667
37.047037037037036
77.32777777777778
39.70962962962963
90.9562962962963
101.39259259259259
55.10666666666667
80.98574074074074
37.16833333333334
99.3174074074074
36.17944444444444
34.70333333333333
40.75259259259259
45.76574074074074
78.67925925925925
39.303333333333335
37.41240740740741
96.96037037037037
39.82833333333333
46.12240740740741
48.025555555555556
40.35537037037037
53.82851851851852
134.07185185185185
92.26333333333334
47.25222222222222
87.8575925925926
35.76962962962963
32.81425925925926
35.65037037037037
86.06962962962963
39.165
32.9112962962963
34.495555555555555
62.47074074074074
56.49333333333333
39.37722222222222
90.28203703703704
83.60296296296296
61.928148148148146
32.965555555555554
41.08925925925926
69.75703703703704
105.52333333333333
33.358333333333334
42.708333333333336
33.74703703703704
87.21481481481482
32.97296296296296
31.848148148148148
33.83777777777778
70.61574074074075
54.31092592592593
35.108518518518515
54.468333333333334
30.825370370370372
39.13074074074074
31.316481481481482
30.843888888888888
28.92685185185185
40.98685185185185
29.990925925925925
29.728148148148147
29.663888888888888
63.26185185185185
66.95796296296297
29.75777777777778
35.10666666666667
53.516666666666666
72.28666666666666
64.95425925925926
31.251851851851853
37.23759259259259
37.28296296296296
65.46425925925926
29.754814814814814
27.18425925925926
33.67462962962963
59.67314814814815
33.75685185185185
68.89833333333333
32.41888888888889
63.63814814814815
33.43907407407407
68.85685185185186
31.47037037037037
36.593333333333334
33.52333333333333
31.70925925925926
27.970185185185183
38.81574074074074
32.09351851851852
31.25314814814815
72.44685185185185
58.766481481481485
57.461481481481485
30.068703703703704
24.546481481481482
33.77796296296296
53.208333333333336
37.61
27.60851851851852
63.24685185185185
52.87129629629629
76.4075925925926
33.87462962962963
29.107777777777777
24.197592592592592
31.648888888888887
32.62148148148148
65.86333333333333
26.962592592592593
28.95777777777778
54.49166666666667
52.835
59.047037037037036
32.307037037037034
58.05444444444444
30.913333333333334
30.77314814814815
38.68462962962963
39.747962962962966
26.546296296296298
40.42074074074074
27.653703703703705
28.547037037037036
33.46277777777778
48.45481481481482
26.932222222222222
26.61537037037037
28.260925925925925
24.575370370370372
31.97962962962963
28.493148148148148
29.747222222222224
29.97574074074074
26.07111111111111
56.00574074074074
31.31685185185185
27.513333333333332
46.96722222222222
50.28314814814815
25.84962962962963
44.620555555555555
51.70814814814815
47.22277777777778
31.374814814814815
29.476481481481482
48.13740740740741
52.928703703703704
45.497962962962966
25.314444444444444
40.69537037037037
25.436851851851852
28.098333333333333
25.61425925925926
25.337407407407408
26.613518518518518
25.12962962962963
27.444074074074074
49.191296296296294
36.10296296296296
50.76203703703704
22.388703703703705
20.64962962962963
20.81425925925926
54.16962962962963
45.77111111111111
49.20037037037037
21.49425925925926
25.208333333333332
25.966666666666665
56.495555555555555
22.930555555555557
22.80037037037037
55.86222222222222
23.209444444444443
48.07092592592593
26.37537037037037
23.021296296296295
25.944814814814816
47.64407407407408
43.65537037037037
24.755925925925926
25.35
45.775555555555556
27.11740740740741
23.206296296296298
24.095925925925926
25.411666666666665
23.132407407407406
26.027592592592594
57.59111111111111
47.98462962962963
23.99240740740741
42.257962962962964
44.687222222222225
24.117592592592594
21.04685185185185
21.63574074074074
23.674444444444443
22.830925925925925
34.81481481481482
33.62759259259259
23.462777777777777
43.62888888888889
41.64037037037037
21.422037037037036
42.44888888888889
22.30574074074074
18.894259259259258
22.924074074074074
22.958703703703705
21.89574074074074
20.783148148148147
23.452962962962964
20.830185185185186
43.49111111111111
43.897592592592595
21.721851851851852
41.88981481481481
24.937407407407406
20.62925925925926
19.008703703703702
25.062962962962963
22.20277777777778
39.593333333333334
35.92574074074074
44.61
34.95092592592592
21.001296296296296
29.786666666666665
20.464814814814815
23.851296296296297
41.22592592592593
39.13666666666666
19.51888888888889
21.914074074074072
35.60962962962963
37.555925925925926
23.402592592592594
38.66703703703703
20.613518518518518
19.651481481481483
25.45462962962963
33.25666666666667
24.71648148148148
41.72185185185185
28.792037037037037
20.959629629629628
20.501851851851853
35.38185185185185
20.37148148148148
17.959074074074074
35.50296296296296
39.391666666666666
20.33648148148148
20.435555555555556
18.837962962962962
40.46
21.761481481481482
20.74222222222222
43.7887037037037
18.891296296296296
19.457592592592594
20.683888888888887
23.90277777777778
35.84481481481482
20.214444444444446
36.14018518518518
35.01925925925926
20.61722222222222
21.70722222222222
20.98759259259259
19.393333333333334
17.61462962962963
20.130185185185184
18.431296296296296
32.06722222222222
33.25185185185185
19.199444444444445
20.237407407407407
18.65388888888889
17.412592592592592
33.967592592592595
20.351111111111113
18.667037037037037
20.251666666666665
32.78962962962963
37.255185185185184
20.597037037037037
18.57351851851852
19.424074074074074
19.583518518518517
19.608703703703704
19.39759259259259
20.98925925925926
17.92240740740741
