1618285
1068144
899621
1343343
919628
1013808
669069
845278
472806
881177
996044
1155170
843485
1272327
1315941
839299
804931
1001826
635862
970117
1615520
511568
1337543
906947
699101
878937
1209136
602227
1243926
1457628
1041518
632195
1842029
997154
816796
1351050
585880
633915
1199652
1295274
884333
844071
956197
564864
565289
396833
982061
848626
1140011
1134245
655705
429583
657960
294395
1184299
820936
724110
611987
611682
555691
1210026
1010566
543681
448028
647519
572359
446270
894792
451409
1035209
389291
1111686
954934
591363
433136
435790
495924
904978
430528
421388
787876
464986
1203072
407420
757655
1017735
797754
265557
1060788
1206615
464961
369012
601833
749483
364429
423244
541501
467023
699149
1157059
380004
988324
482778
514558
310624
773178
385107
323683
566378
654173
760000
361929
461173
375141
968139
377159
361165
838236
388312
743745
518161
217520
551980
311030
519589
196597
705597
667518
657322
242653
477264
711072
223640
223632
481833
456447
266718
656096
503297
221863
613609
455020
212473
363476
548719
519256
394331
631781
672252
529652
420249
268923
282042
268508
744228
376584
291853
524647
606731
200488
635631
250686
248171
201127
371498
238185
287574
552400
221723
316505
307051
181220
257359
646418
276614
276572
250584
485718
464153
227326
558474
339783
274520
348398
212570
515980
423811
284079
257072
243202
217877
265998
258592
247281
534006
204962
215815
370530
302115
176256
220986
407840
354762
200054
417570
214432
491164
547520
297576
437323
200709
536314
195369
187398
220064
247135
424868
212238
202027
523586
215073
249061
259338
217919
290674
723988
498222
255162
474431
193156
177197
192512
464776
211491
177721
186276
337342
305064
212637
487523
451456
334412
178014
221882
376688
569826
180135
230625
182234
470960
178054
171980
182724
381325
293279
189586
294129
166457
211306
169109
166557
156205
221329
161951
160532
160185
341614
361573
160692
189576
288990
390348
350753
168760
201083
201328
353507
160676
146795
181843
322235
182287
372051
175062
343646
180571
371827
169940
197604
181026
171230
151039
209605
173305
168767
391213
317339
310292
162371
132551
182401
287325
203094
149086
341533
285505
412601
182923
157182
130667
170904
176156
355662
145598
156372
294255
285309
318854
174458
313494
166932
166175
208897
214639
143350
218272
149330
154154
180699
261656
145434
143723
152609
132707
172690
153863
160635
161869
140784
302431
169111
148572
253623
271529
139588
240951
279224
255003
169424
159173
259942
285815
245689
136698
219755
137359
151731
138317
136822
143713
135700
148198
265633
194956
274115
120899
111508
112397
292516
247164
265682
116069
136125
140220
305076
123825
123122
301656
125331
259583
142427
124315
140102
257278
235739
133682
136890
247188
146434
125314
130118
137223
124915
140549
310992
259117
129559
228193
241311
130235
113653
116833
127842
123287
188000
181589
126699
235596
224858
115679
229224
120451
102029
123790
123977
118237
112229
126646
112483
234852
237047
117298
226205
134662
111398
102647
135340
119895
213804
193999
240894
188735
113407
160848
110510
128797
222620
211338
105402
118336
192292
202802
126374
208802
111313
106118
137455
179586
133469
225298
155477
113182
110710
191062
110006
96979
191716
212715
109817
110352
101725
218484
117512
112008
236459
102013
105071
111693
129075
193562
109158
195157
189104
111333
117219
113333
104724
95119
108703
99529
173163
179560
103677
109282
100731
94028
183425
109896
100802
109359
177064
201178
111224
100297
104890
105751
105887
104747
113342
96781
