1.7807658918269194
7.163495697900439
4.558765557932692
7.336769174903987
10.10942692286824
1.0663599838320548
10.114622280245433
15.670769228663994
1.7461447581398535
1.0862658834795673
4.553413567307692
7.336635305793268
15.435706209816356
7.33676923076923
9.901076588347957
9.675432679505715
15.67076923076923
7.31756547743876
4.345076922868239
1.086120981730717
7.336635339182171
4.344542655570959
15.670765524459796
10.108892658918219
12.604175777343823
12.887426892791785
4.558769147086975
7.123076552454322
12.892635339182693
1.7807692307692307
1.7754269228473696
15.670769147290457
1.780769230769198
1.086269147290456
4.558765861304484
4.558765882644832
1.7806209817307679
4.553426923076793
15.67063567307692
7.331413566389477
1.0862692307679265
9.901075715300317
12.892769230769199
10.114765891826792
12.892765891826922
10.11476922845284
9.901076913802092
4.558769147086976
12.679063567307171
4.345076922868239
4.558769230769231
7.317451520326676
1.707160494532475
15.67076923076923
4.558765883479046
1.7806223173076794
12.892769147064035
7.586076860472676
4.538348959119759
1.3355741731853186
9.901076914729568
7.3367692284736945
1.7807692307692307
1.7806353391826923
7.336635672867717
12.435312646070733
1.080333926923077
4.345063567307692
3.4162094313700577
4.552892691472957
1.0862655211959795
4.558769228682261
1.7754265883479559
15.670769230717047
1.7625443660981095
1.775413567307692
7.336622317307691
7.336769230769231
4.553426589182166
1.78063567307692
1.0862655579118239
1.0809269230767453
4.553426923076793
15.665426589159733
7.336769228677161
10.114769230767926
4.558769228682392
12.89276923076451
15.664833913567303
7.336635663811149
7.336620978391826
4.462435137262304
6.172521862071272
7.331412084817307
12.892769230711844
12.644647541943405
7.33676923076912
1.780765861742518
1.0862692307691948
1.080926923076923
1.0862692307170598
4.345076914729567
4.558769230769195
4.344542691472957
15.457063533918268
4.5587692307170595
1.086135673076923
7.330891356617026
15.665413567307677
10.109413567286825
15.43570635305793
12.657654135673077
10.114635673076924
1.0575206315219297
4.558769230767796
1.3361298597533273
15.665426923076922
15.457063566472954
7.123076923071184
4.34507658918217
12.679076589161772
4.55862231467491
4.55863567307678
10.108892655208704
4.558769147290456
9.90054269230768
15.67076923076923
1.78076923076923
1.7754122316472958
7.336769147086978
10.114769147295663
1.7754269230769197
0.9109126422761801
1.0862691472904429
10.10883926914729
1.7807655579326922
1.0862692307679265
12.892769230717061
7.12307692307692
1.7802841362673003
1.0809122317307693
7.3367692286823925
12.679063566389484
12.892765891618229
1.7389335636395526
1.0861356730711262
7.1781350560035095
12.88742658834587
7.336635338264275
9.879648333333927
1.0803392691472955
12.657706356730717
15.670769230769116
4.558769230767922
1.7806356638948302
12.29149011602036
12.892635673076924
15.670635673071184
7.336765891826923
12.892769230717056
12.89276589182692
4.5587658918217056
7.336769230769231
1.0809269147295542
9.716323054780371
4.558769230769198
4.552839122317287
4.55876552083337
7.099356542692308
9.901076914729554
4.32365426555791
14.898738776321073
1.0645823736979367
15.457076922868236
7.331426922868239
1.774892692307692
1.7806356638927396
1.0862655579321125
15.665426922868226
1.7807692307170597
4.323707692286822
15.665413533918269
7.336765557932678
7.123076914708699
10.11476923071127
12.887426555790952
4.34506208333478
1.745655858186577
6.993300598460204
4.558769147086976
7.123076913892744
1.08091223164729
9.90107691359487
4.558769147066121
7.330839269228451
4.345062231723709
1.7754269230769233
7.099570769147296
12.654873654541344
1.0861356730769232
1.7807692266953155
7.3366209817307695
10.114769138948319
15.160249715054368
10.114765891821706
7.336622317307113
12.65770765891827
4.55863567307678
1.7806356638948302
4.321357062231731
7.099570635673072
15.670622317284733
10.114765521204118
4.345076588347955
7.331426552454095
4.55862098164729
7.101654265882553
1.7807661637381949
12.887426923071706
12.892635673076779
4.558635673076923
7.180186000349183
15.43333570587318
10.108820353049158
10.108839269230769
1.780765557932678
7.12248339265521
9.906787481640645
1.0861209816389477
12.679076923076781
12.886892692286825
12.655333570765892
12.892635672847371
1.7806353057932678
7.099357063567308
12.886892692307692
7.099333570622318
15.43570622316381
4.558769230767796
4.5587658918211265
12.887426923071706
4.55863567307678
7.33661760599382
12.892635305700523
7.123076923071126
7.331413567286772
0.9113873316209373
7.336756835497923
7.099570635663811
1.7807658918267797
9.58520164006009
15.424311021124657
12.892765891821124
12.655357076588256
4.558635673076923
7.331426923076793
12.655357076913893
4.492043281684231
1.0803333926555787
7.331426922845284
15.665426552083336
1.0809135339182692
7.336635339182169
1.080333926923077
10.856122367924268
4.3215707691381136
15.456541222802088
15.670769138948316
9.877357076913896
4.5534269147289885
1.7748339269138023
4.345063533825521
12.679076913802175
1.4771207953748773
4.55876923076923
4.345076552083337
9.879707691472957
4.3237076914729045
4.553426922845053
15.435707658916181
15.45707691380208
7.09933357076923
15.670620833347835
1.0862655208704326
7.330833926922845
7.099570622316473
9.90107691380301
15.457062083348166
4.345063567307678
7.336622317286823
15.433551435783453
4.3235286539770215
10.114769146534805
12.892769138021759
7.123076922868225
1.7807691472955298
12.892769230711844
1.7748333333392659
4.552833392692285
0.8153286940955983
1.7807658915950753
15.457076913811353
7.331413529376886
1.780769228473708
4.553426922868239
12.887412231638928
15.457076914729555
15.433335707691475
1.0861208348163802
12.679062084817286
4.558769138948318
4.558620833333333
1.0862655208333336
4.553426555793269
4.553426589159737
4.34506208348173
1.0861208481638114
7.099570620981639
9.877333356324781
4.558635663802093
10.109426552083338
15.433335706209817
1.0861208334816381
15.670635673071184
10.114765521204328
10.108839265557933
10.114291593970488
12.65533333357062
15.433333333333564
15.67076913802083
4.321357062084816
4.321335706208481
4.552721820044679
4.558769143985252
4.321333357062098
4.32157062231638
7.33663530579327
12.887426555793269
1.0861208333481638
7.099333570622318
3.159592357037166
9.901063566380301
9.877333333570622
1.086120833348173
7.099333335707692
15.664839265891596
9.877335707691381
15.670622316380207
7.12307658834587
1.0861208333334817
7.336765520837041
1.0861356638030102
9.877333333357063
9.901075801500161
1.080392655212041
9.877357076913896
3.2449944190111055
12.887426552087044
4.3450769138020835
15.372725594586205
1.0803339264711127
4.558620848163803
12.655570765882644
15.670769228450752
4.3450620833333335
4.321333333335707
10.114620848163803
15.109548931162717
1.0803339265891827
7.099570620833349
1.780620848173071
15.433570765520836
15.435706223163896
15.665426552083336
4.558765520833333
9.877333333333358
12.655357076588265
15.457063566380219
12.655570769228683
15.665426913811354
7.099335706208481
7.330833913567287
15.433333333335707
7.099570635663802
15.45706223172868
12.210617740323071
12.65770620981638
7.12306208348173
1.775426922847371
7.099333570620834
4.55862098164729
10.114620833333333
12.655333357062085
12.679062083333333
15.45707692284505
1.086269147289882
1.7748333926588349
1.0803333392658918
7.099570769230712
15.433333333335707
12.887412083333334
12.655333333333335
1.0861356638947737
12.655333570620849
4.321333333357064
12.655333333357062
10.109426922845053
9.877333570635665
9.877333333570622
10.096779743497493
7.336765520870432
15.66483333333333
15.433355135616415
4.321333357063567
7.33083926555791
15.433333333333355
1.7806208481638024
12.652391476144004
7.099333570620834
15.664892655208371
1.774833333392659
12.655333333335708
15.664833333339265
12.655333333333335
4.345076549139346
12.655333356541224
15.43333570622317
12.642969346983174
1.0809265520833333
7.336769228450753
15.433357062083331
4.321333357062098
7.0993357062083335
15.433333333333332
7.099333333357063
12.655333357076552
7.331426923071126
9.877333333333334
7.3308333333333335
12.655335707691382
12.655333333333335
15.435706208348165
12.655333333333335
4.3213333333333335
6.972985447160139
15.433328132839886
12.65533329379964
9.879706208333483
15.66483333333333
9.901062228382553
15.433033510311821
9.877333333333334
10.114620833333333
1.0861208333481638
4.321333333333335
7.099333333335707
4.3213333333333335
9.877333335654122
15.433333333333332
15.433333333335707
15.433570765520836
15.433333333333332
7.0993333333335515
9.879521054839639
9.877333333333334
7.0993333335706215
4.459422926026131
7.330833333926553
7.099333333333334
9.879707691380208
12.655333333333335
12.655333333333335
7.0993357062083335
4.321333357062083
4.3213333333333335
15.433333333333332
7.099333333333334
4.3213333333333335
10.095900376130649
7.101706208333335
12.655333333333335
4.3213333333333335
7.0993333335706215
4.3215706208333335
9.877333333333334
9.877333333333334
12.655333333333335
7.0993333333335515
7.099333333333334
15.433333333335707
7.099333333333334
4.3213333333333335
12.655333333333335
12.655333333333335
15.433333333333332
15.433333333333332
4.3213333333333335
4.3213333333333335
7.099333333333334
15.433333333333554
