83993
42485
41786
35970
42871
39899
38936
32555
32030
32256
42486
34493
32675
32770
34739
28215
42598
28825
28790
29936
27420
30152
23442
24434
23126
25015
25583
26803
22981
24146
27671
22141
24738
26652
22322
22138
22150
19915
20726
22577
23653
20378
20547
20952
20711
19151
18623
21189
18980
15893
20309
16835
19238
17211
20166
19333
21883
19232
16980
18229
21126
14493
14712
17027
16490
15191
16954
15569
18174
16890
13762
16280
16002
16639
15644
15612
14129
20519
13501
21786
16386
14434
12654
13286
17587
16309
16595
15817
16410
19664
16659
14443
13624
16203
14998
13235
13013
11868
19770
13341
