7.078888888888889
8.167222222222222
7.124259259259259
10.072407407407407
9.491666666666667
7.109444444444445
7.16462962962963
6.645740740740741
16.336111111111112
7.035185185185185
5.92462962962963
8.841851851851851
6.383518518518518
5.590925925925926
7.185925925925926
5.086666666666667
5.705925925925926
5.838148148148148
5.482777777777778
6.429074074074074
4.957777777777777
5.248888888888889
7.699259259259259
4.027037037037037
4.024629629629629
4.4564814814814815
5.034814814814815
4.310740740740741
4.827962962962963
3.9437037037037035
5.169074074074074
4.480740740740741
5.163888888888889
4.439629629629629
4.469814814814815
6.331851851851852
3.202777777777778
5.102037037037037
3.5174074074074073
3.8375925925925927
4.513888888888889
4.037962962962963
3.401111111111111
3.8048148148148146
3.9164814814814815
3.7374074074074075
3.562777777777778
3.746111111111111
3.119074074074074
3.52462962962963
3.674074074074074
3.564074074074074
3.388148148148148
3.420185185185185
3.8559259259259258
3.336851851851852
4.112037037037037
3.5533333333333332
2.9974074074074073
3.5903703703703704
3.962222222222222
3.012037037037037
3.3940740740740742
3.022962962962963
3.194259259259259
2.8705555555555557
3.2127777777777777
2.8627777777777776
2.841296296296296
2.9448148148148148
2.4837037037037035
3.19
2.7424074074074074
2.5481481481481483
3.757222222222222
2.490925925925926
3.205
2.8892592592592594
2.3335185185185185
2.745925925925926
3.3242592592592595
2.9227777777777777
2.5424074074074072
2.430740740740741
4.307777777777778
3.359259259259259
2.937222222222222
2.3612962962962962
3.5703703703703704
2.6974074074074075
4.7790740740740745
2.544259259259259
2.935185185185185
2.9277777777777776
2.8022222222222224
2.6257407407407407
2.443888888888889
2.392777777777778
3.2507407407407407
2.393148148148148
