-32489.0
-35528.0
-32315.0
-46654.0
-41444.0
-31012.0
-35487.0
-30907.0
-71847.0
-31419.0
-27446.0
-38871.0
-30188.0
-23800.0
-34550.0
-21684.0
-24664.0
-23789.0
-24001.0
-31886.0
-19617.0
-21183.0
-28302.0
-19271.0
-15952.0
-18976.0
-21788.0
-16984.0
-20183.0
-18109.0
-19359.0
-19958.0
-20432.0
-18927.0
-18292.0
-23477.0
-13016.0
-20193.0
-14117.0
-14503.0
-16293.0
-15828.0
-14129.0
-14871.0
-14629.0
-13634.0
-12630.0
-14256.0
-11857.0
-13802.0
-12574.0
-13089.0
-13622.0
-12922.0
-13076.0
-12631.0
-13257.0
-13923.0
-11807.0
-14385.0
-12688.0
-12212.0
-11351.0
-11545.0
-10470.0
-10511.0
-11372.0
-10806.0
-10601.0
-10158.0
-8811.0
-11237.0
-9847.0
-9298.0
-12737.0
-9156.0
-11857.0
-9693.0
-7749.0
-9996.0
-11726.0
-9564.0
-8861.0
-8591.0
-14462.0
-10583.0
-10302.0
-7395.0
-10821.0
-8944.0
-16087.0
-9012.0
-10861.0
-10020.0
-8095.0
-8160.0
-8620.0
-8282.0
-10954.0
-7337.0
