10.11476923076923
1.0862692307692308
4.558769230769231
4.558769230769231
1.0862692307692308
7.477754836884358
1.0862692307692308
10.114635673076924
12.89276589161824
7.336769230769231
7.336769230769231
10.11476923076923
10.114769230769236
4.558769230769113
10.06561095565694
10.114769147295673
1.7807692307692307
7.336635673076924
7.123076923076923
12.892769230769233
12.892769230769233
1.780769228682392
4.558769230769231
12.892769230769233
1.7807692307692307
1.0862692307692308
15.457076922868236
4.558769230769231
1.080926923076923
1.0862692307170598
12.892769223253367
4.558769230769231
1.780786435998293
12.892769230769229
1.0862692307692319
1.0862692307679265
12.892769230769229
1.7807692307692307
1.780769147295673
12.892769138948319
4.558769230769231
15.67091153205825
15.670765891826921
12.887426923076925
1.0862691381135818
1.780635673076923
12.89276922868226
4.558769230767926
7.123076914729568
1.0809269230769194
15.67076923076923
10.11476923076923
7.336769230769116
10.11476923076923
1.7807658918269234
10.11462098173077
7.3366223173071194
10.114622317307678
7.330892655212044
7.33676923076923
12.892769230717061
4.323707658825531
7.101707692284508
1.0861208481638926
10.114635673076924
1.775426589180793
10.11476589182692
15.45707692307692
15.433570620833331
9.879706223163803
12.655570620848165
15.670769230769196
10.109426922844564
1.7807691381133957
1.7615710769628634
7.336620981638115
1.7807692307170597
15.433333335707692
7.336768927400106
9.877357062098165
4.558769138020834
7.33676552087041
4.3213333333335715
12.655333357076923
15.43333333333357
12.679063566380218
7.336620981638115
12.655570622317308
15.433335707692283
12.655357062098165
12.892620833333334
1.0809265520833333
7.099333335706208
7.099357076552084
7.099333335515655
1.0809265520833333
15.433333333333332
4.3213333333333335
12.655333333333335
9.877333333333334
