6.321851851851852
7.777777777777778
6.712777777777778
6.446481481481482
8.550740740740741
7.861666666666666
7.685555555555555
7.185370370370371
6.6375925925925925
7.628888888888889
10.131481481481481
7.287222222222222
9.943888888888889
6.243518518518519
7.3624074074074075
7.287407407407407
7.028888888888889
6.672037037037037
8.336296296296297
9.353703703703705
10.77648148148148
7.801666666666667
6.31
12.775185185185185
5.706851851851852
5.852222222222222
9.222407407407408
6.021851851851852
6.71037037037037
12.263333333333334
8.329444444444444
8.346481481481481
7.589074074074074
6.834444444444444
12.966296296296296
6.158148148148148
12.82037037037037
10.994814814814815
8.595
20.20925925925926
5.939444444444445
17.884814814814813
4.951481481481482
8.202222222222222
13.175
6.1540740740740745
6.16574074074074
10.969074074074074
5.32037037037037
9.923703703703703
6.343518518518518
5.9874074074074075
6.844074074074074
5.6540740740740745
7.108888888888889
30.63222222222222
17.52574074074074
30.730740740740742
6.9383333333333335
26.638148148148147
11.340925925925927
6.863518518518519
26.635
39.29314814814815
36.04462962962963
37.495555555555555
52.75685185185185
16.407777777777778
22.516111111111112
110.60648148148148
19.656666666666666
50.31407407407407
73.41351851851852
86.00888888888889
93.3512962962963
119.30055555555556
68.39314814814814
157.165
39.599259259259256
118.75611111111111
132.75592592592594
115.55111111111111
83.51759259259259
144.13296296296295
184.75407407407408
104.22
205.66537037037037
210.0185185185185
132.22240740740742
151.70407407407407
160.6772222222222
177.46740740740742
195.6927777777778
264.53925925925927
237.94203703703704
257.0233333333333
262.99796296296296
458.3337037037037
290.97833333333335
496.52092592592595
