1.7802806122573522
7.336769230769195
4.552892692307692
15.670769228682389
15.665426923076922
4.345076923076923
15.45707692307692
1.0809269228682392
1.73779838931491
10.114635338347957
4.558769147295673
10.114769230767926
12.892283065455297
1.7807692307692307
9.889619861646787
1.780635673071706
4.552839269147087
15.670769228399939
15.457063567307694
12.887413566472901
1.086122317307692
1.7754122283834586
1.7748926588347955
1.780765891618239
1.0599151243646472
1.086269147290456
10.10942692286824
15.670769228452837
7.336769230769198
7.12307691389478
12.657707658916184
1.0809269230717056
12.892765557909737
4.558769230769231
12.892635642659233
15.433570622317285
15.67076923076923
4.552839269230769
12.892765891595053
4.552833392692287
1.7807655212040914
15.670635673076925
10.114769138947795
7.101706208478383
4.558769230711263
7.3367658834795675
4.3450769230711845
15.670620848173076
15.435707692307165
4.552833333392693
7.33628233172779
4.32370622316473
9.90107691472898
1.7806223164729567
12.892769230767925
12.6553570765557
12.655357063566381
12.655357062084818
1.7748392692286825
15.457062231728475
9.879707655208371
15.670635664729554
9.901062084783916
4.3450765521204096
1.7748392655208705
9.879706209783826
4.321357063567286
12.427251639166032
1.7807692307692307
5.1819716164597045
4.321570620848164
4.321333333357076
5.326280769230394
12.655333333357063
4.321008775843855
7.4080178018965
1.0809265883456614
7.728531816753696
9.879515458183125
3.561533491622341
15.433570620833331
12.677341243025918
4.321333570620835
3.5497853178321663
0.5505073045458235
9.491500178076857
7.842314575777534
2.1606666666686216
6.327666666696036
3.5496667627363827
4.938666666666667
0.9798289672432473
3.1639384012493244
1.8780178156436933
6.327666666666717
1.1980542227916591e-05
4.184270890255106e-05
0.07310512545352817
0.17648439148391543
0.004309129508298889
