-21996.0
-28320.0
-24646.0
-22363.0
-32314.0
-30404.0
-28814.0
-26434.0
-23491.0
-29059.0
-38699.0
-27384.0
-37976.0
-22041.0
-26543.0
-26131.0
-25961.0
-25114.0
-31691.0
-36096.0
-45187.0
-29380.0
-21079.0
-52771.0
-20081.0
-20294.0
-35725.0
-21579.0
-24400.0
-50799.0
-32910.0
-32114.0
-29047.0
-25490.0
-53463.0
-19443.0
-50860.0
-45468.0
-32994.0
-83637.0
-20578.0
-75768.0
-15733.0
-31818.0
-56431.0
-22166.0
-21989.0
-45384.0
-17689.0
-38700.0
-23353.0
-20555.0
-23800.0
-18987.0
-24133.0
-138709.0
-72805.0
-138034.0
-25174.0
-115043.0
-42115.0
-25737.0
-111777.0
-172501.0
-159156.0
-174781.0
-246751.0
-68595.0
-90976.0
-545851.0
-81689.0
-224724.0
-341948.0
-391271.0
-433999.0
-580607.0
-319746.0
-740167.0
-168606.0
-559872.0
-606671.0
-551259.0
-374704.0
-668422.0
-909081.0
-467699.0
-964922.0
-1017069.0
-620206.0
-703074.0
-759299.0
-834493.0
-924256.0
-1271129.0
-1108250.0
-1244955.0
-1250360.0
-2183152.0
-1378696.0
-2355328.0
