34138
42000
36249
34811
46174
42453
41502
38801
35843
41196
54710
39351
53697
33715
39757
39352
37956
36029
45016
50510
58193
42129
34074
68986
30817
31602
49801
32518
36236
66222
44979
45071
40981
36906
70018
33254
69230
59372
46413
109130
32073
96578
26738
44292
71145
33232
33295
59233
28730
53588
34255
32332
36958
30532
38388
165414
94639
165946
37467
143846
61241
37063
143829
212183
194641
202476
284887
88602
121587
597275
106146
271696
396433
464448
504097
644223
369323
848691
213836
641283
716882
623976
450995
778318
997672
562788
1110593
1134100
714001
819202
867657
958324
1056741
1428512
1284887
1387926
1420189
2475002
1571283
2681213
