47542
43006
46428
44843
43277
42265
49529
60279
36689
42779
35023
47489
40804
29187
30109
34620
25140
31404
26220
44951
29659
34168
35442
34492
30093
30971
34071
23296
26363
27285
26990
30639
30886
28494
31025
31825
26245
30803
25376
27863
24979
29584
25266
23317
26219
25844
27517
21957
22930
28912
21327
21695
22060
21496
25188
20214
27162
20596
22310
22361
28575
20813
20188
21653
21945
21128
25120
19759
19412
20575
20207
19957
21791
23339
20633
18958
21426
21297
18303
22806
19734
20928
17513
21110
19719
25804
20602
22213
21908
20332
23446
17500
16576
19455
19506
20707
18481
19136
23162
21163
