8.804074074074075
7.964074074074074
8.597777777777777
8.30425925925926
8.014259259259259
7.826851851851852
9.172037037037038
11.162777777777778
6.79425925925926
7.922037037037037
6.485740740740741
8.79425925925926
7.5562962962962965
5.405
5.57574074074074
6.411111111111111
4.655555555555556
5.815555555555555
4.855555555555555
8.324259259259259
5.492407407407407
6.327407407407407
6.5633333333333335
6.387407407407407
5.572777777777778
5.7353703703703705
6.309444444444445
4.314074074074074
4.882037037037037
5.052777777777778
4.9981481481481485
5.6738888888888885
5.71962962962963
5.276666666666666
5.74537037037037
5.893518518518518
4.860185185185185
5.704259259259259
4.699259259259259
5.159814814814815
4.625740740740741
5.478518518518518
4.678888888888889
4.317962962962963
4.855370370370371
4.785925925925926
5.095740740740741
4.066111111111111
4.246296296296296
5.354074074074074
3.9494444444444445
4.017592592592592
4.0851851851851855
3.9807407407407407
4.664444444444444
3.743333333333333
5.03
3.814074074074074
4.131481481481481
4.140925925925926
5.291666666666667
3.8542592592592593
3.7385185185185184
4.009814814814815
4.063888888888889
3.9125925925925924
4.651851851851852
3.659074074074074
3.5948148148148147
3.810185185185185
3.742037037037037
3.6957407407407405
4.03537037037037
4.322037037037037
3.820925925925926
3.510740740740741
3.9677777777777776
3.943888888888889
3.3894444444444445
4.223333333333334
3.6544444444444446
3.8755555555555556
3.243148148148148
3.9092592592592594
3.651666666666667
4.778518518518519
3.815185185185185
4.113518518518519
4.057037037037037
3.765185185185185
4.341851851851852
3.240740740740741
3.0696296296296297
3.602777777777778
3.612222222222222
3.83462962962963
3.4224074074074076
3.5437037037037036
4.289259259259259
3.919074074074074
