4.558769230767926
12.892769230767925
7.336769230769231
7.336769230769231
1.0862692307692308
1.810086919872159
7.336769230769231
7.336769230769228
10.11476923076923
10.11476923076923
4.558769230769231
4.558765891826924
1.7807692307679264
10.114769230819054
15.952295497314058
1.7807692307692307
1.0862692307692308
12.892769230769233
10.109426914729045
4.558769230769231
1.7807692286771748
12.892769230769233
10.11476923076923
4.558769230767926
15.67076914706612
9.901076922868238
10.114769147295673
4.553426923076923
10.11476552454327
1.7807692307692307
9.422690766487497
4.558769230711843
14.753596192368686
4.558769230769231
10.114769147295736
15.665426923076922
4.558769230769231
7.336769230769231
10.11476923076923
15.67062098173077
15.67076923076923
1.7615214890412503
10.114765891826924
1.0862692307692308
1.780769230767783
7.336769230769231
9.669576860315233
1.0803926923076923
1.0862692307692308
1.7807692307169152
15.67076923076923
1.080913567286824
15.43333357076923
1.7807692307692307
15.670769228450752
7.101707692307693
12.65770622283916
4.345076914729554
15.435706353391828
1.7754135673076923
7.1230769230717055
12.892769230769233
1.0862692284737079
4.552833926922868
9.879706356730718
4.321570769228664
1.0861356647290457
4.558769230711322
9.877333335707693
1.0862692307692308
10.114769138113582
0.8146017548033881
7.585965636122957
7.5859657362292126
15.457398412713252
7.336635673071184
1.7807655208333373
1.0803333392691474
15.565180581840835
9.90048333392659
12.679062083481638
15.43357076552087
12.679063566380218
7.099333570620834
4.558769138021761
15.670620833348163
15.435707691380207
4.558620833333348
12.655333570622316
9.877357076552084
12.89276552083337
5.324500001780743
12.655357062083482
9.877333333333334
10.108833339265521
12.657706208333334
9.6304
12.886833333333334
12.655357062083334
7.099333333333571
