-47531.0
-35258.0
-37984.0
-44813.0
-35889.0
-35410.0
-43907.0
-53234.0
-31961.0
-34829.0
-32328.0
-39017.0
-34937.0
-27439.0
-26232.0
-27098.0
-24238.0
-26094.0
-21002.0
-40898.0
-20541.0
-26539.0
-29463.0
-26291.0
-24094.0
-23602.0
-26872.0
-17760.0
-20901.0
-21358.0
-20764.0
-23091.0
-24613.0
-21706.0
-23667.0
-23332.0
-20143.0
-22725.0
-21101.0
-19456.0
-16800.0
-23749.0
-18813.0
-18178.0
-19393.0
-18758.0
-21706.0
-16969.0
-18665.0
-24337.0
-13970.0
-15157.0
-16651.0
-15775.0
-16907.0
-14529.0
-17794.0
-13122.0
-16569.0
-15091.0
-18248.0
-15095.0
-15356.0
-14771.0
-15948.0
-16746.0
-18215.0
-12785.0
-13793.0
-13749.0
-14047.0
-14594.0
-14934.0
-15900.0
-15775.0
-13667.0
-14644.0
-14544.0
-12479.0
-14292.0
-12071.0
-15874.0
-12386.0
-14010.0
-13675.0
-14367.0
-14198.0
-14895.0
-14558.0
-11702.0
-15719.0
-12599.0
-12170.0
-13872.0
-11864.0
-14425.0
-13152.0
-13286.0
-14706.0
-14365.0
