10.153703703703703
6.948518518518519
7.569629629629629
7.95962962962963
7.7027777777777775
9.732962962962963
7.571296296296296
8.77111111111111
6.685
6.83425925925926
6.701296296296296
7.4494444444444445
6.067222222222222
7.29074074074074
7.428518518518518
7.626296296296296
6.993518518518519
7.235555555555556
8.657407407407407
5.729629629629629
5.888888888888889
7.333333333333333
8.158148148148149
7.043888888888889
6.1866666666666665
10.328888888888889
7.720555555555555
6.154259259259259
6.435925925925926
10.171666666666667
5.704814814814815
6.944629629629629
6.041666666666667
5.839074074074074
5.322037037037037
5.771296296296296
5.3966666666666665
6.115555555555556
6.531666666666666
6.762777777777778
6.516111111111111
6.578333333333333
6.008148148148148
6.603518518518518
6.736851851851852
6.871296296296296
6.400185185185185
5.915555555555556
6.341296296296297
4.96
5.3116666666666665
4.836666666666667
7.12537037037037
8.163703703703703
8.712407407407408
5.734259259259259
6.473333333333334
5.889444444444444
6.121111111111111
6.934074074074074
7.407407407407407
6.230925925925926
6.180370370370371
5.347037037037037
6.285185185185185
6.99
4.904444444444445
5.460925925925926
6.242037037037037
4.487592592592593
6.320185185185185
5.404444444444445
6.982592592592592
6.114814814814815
5.762222222222222
7.3751851851851855
5.517037037037037
6.24
4.837037037037037
5.051666666666667
6.078333333333333
5.437962962962963
5.600740740740741
5.147592592592592
5.363333333333333
7.266851851851852
7.7753703703703705
5.42
4.1829629629629625
5.49
5.845555555555555
6.170555555555556
5.730925925925926
5.823333333333333
5.0579629629629625
4.911111111111111
5.2535185185185185
5.684259259259259
6.385370370370371
4.791851851851852
4.854074074074074
5.188518518518518
5.182407407407408
4.7225925925925925
6.312777777777778
5.552222222222222
5.635925925925926
5.849259259259259
5.121296296296296
4.993333333333333
5.45925925925926
6.61537037037037
4.509074074074074
5.71962962962963
6.969814814814815
5.567222222222222
5.114259259259259
5.15
4.724814814814815
4.460925925925926
5.088703703703704
4.8
4.196851851851852
5.635370370370371
4.098518518518518
4.233333333333333
4.731481481481482
4.3348148148148145
5.615
4.367037037037037
5.346481481481481
6.022777777777778
4.575555555555556
4.811111111111111
4.645555555555555
4.66
4.614074074074074
5.646111111111111
5.096111111111111
4.58537037037037
4.875555555555556
4.1809259259259255
4.05462962962963
4.950925925925926
5.478518518518518
4.295
4.658148148148148
5.272592592592592
4.655555555555556
4.096666666666667
4.058333333333334
4.888333333333334
3.88
4.007777777777778
4.1322222222222225
4.248518518518519
3.5237037037037036
3.6038888888888887
4.296481481481481
4.535925925925926
4.686296296296296
4.239814814814815
4.133333333333334
4.135740740740741
4.861481481481482
4.232592592592592
3.937962962962963
4.450555555555556
4.126481481481481
3.70537037037037
3.920925925925926
3.7220370370370373
5.0
4.597407407407408
3.896851851851852
4.16074074074074
3.3944444444444444
4.5344444444444445
5.195185185185185
4.227777777777778
5.8933333333333335
4.199259259259259
4.584444444444444
4.987037037037037
4.010555555555555
4.07462962962963
3.9451851851851854
4.098703703703704
3.6544444444444446
4.78
4.220370370370371
4.342407407407407
3.6585185185185187
3.901851851851852
4.886851851851852
4.353518518518518
3.8444444444444446
4.459444444444444
4.321296296296296
3.549074074074074
4.049074074074074
3.92
4.036851851851852
3.7777777777777777
4.483888888888889
3.3201851851851854
4.0851851851851855
3.546666666666667
3.9787037037037036
3.7266666666666666
3.6244444444444444
4.059259259259259
3.785925925925926
3.691851851851852
3.9605555555555556
3.617962962962963
3.075740740740741
3.999814814814815
3.848333333333333
3.243888888888889
3.3344444444444443
3.5501851851851853
3.669814814814815
3.227592592592593
4.1866666666666665
4.792777777777777
3.593148148148148
3.468888888888889
3.885925925925926
3.8757407407407407
3.7864814814814816
3.8027777777777776
3.5501851851851853
4.506666666666667
3.3914814814814815
4.035
3.5253703703703705
3.156851851851852
4.022962962962963
4.513703703703704
3.4922222222222223
3.8333333333333335
3.4609259259259257
3.8222222222222224
4.545185185185185
3.6746296296296297
3.6044444444444443
4.053888888888889
3.9364814814814815
3.7144444444444447
3.1485185185185185
3.8144444444444443
3.572037037037037
3.8724074074074073
3.4342592592592593
3.405925925925926
3.745185185185185
3.4314814814814816
3.4524074074074074
3.3092592592592593
3.683333333333333
3.16
3.386851851851852
3.3446296296296296
3.561111111111111
3.641111111111111
3.4392592592592592
3.137777777777778
3.389074074074074
3.0055555555555555
3.7492592592592593
3.719074074074074
3.215
3.377407407407407
3.4996296296296294
3.614074074074074
3.941851851851852
3.379814814814815
3.363148148148148
3.247592592592593
3.707962962962963
3.6438888888888887
3.6464814814814814
3.283148148148148
3.0835185185185185
3.6683333333333334
3.417037037037037
3.0664814814814814
3.339074074074074
3.5122222222222224
3.0568518518518517
3.19
3.2744444444444443
3.115925925925926
3.0881481481481483
3.3742592592592593
3.283148148148148
3.178703703703704
2.9922222222222223
3.275925925925926
3.330185185185185
2.928148148148148
3.528888888888889
3.4133333333333336
3.2087037037037036
3.837222222222222
3.1998148148148147
3.165
3.1481481481481484
3.18537037037037
3.044074074074074
3.033333333333333
2.9742592592592594
3.3916666666666666
3.0696296296296297
3.562777777777778
3.465925925925926
3.156851851851852
2.998148148148148
3.091296296296296
2.9768518518518516
3.066851851851852
3.0225925925925927
3.2975925925925926
3.0624074074074072
2.6818518518518517
3.1566666666666667
3.1392592592592594
2.952962962962963
3.1638888888888888
3.0196296296296294
3.1783333333333332
3.203333333333333
3.069074074074074
3.251851851851852
3.0253703703703705
2.953333333333333
2.9051851851851853
2.972777777777778
2.971111111111111
2.996111111111111
2.811851851851852
3.0064814814814813
3.5535185185185183
2.742777777777778
2.8962962962962964
3.100185185185185
3.9935185185185187
2.7474074074074073
2.910740740740741
2.663148148148148
2.653888888888889
3.1931481481481483
2.962962962962963
2.981851851851852
2.650925925925926
3.149814814814815
2.875
2.8325925925925928
2.8957407407407407
2.9046296296296297
2.8468518518518517
2.687777777777778
2.5555555555555554
3.041851851851852
2.7574074074074075
2.7175925925925926
2.64537037037037
2.977592592592593
3.2246296296296295
2.487962962962963
2.783703703703704
2.6907407407407407
2.799259259259259
2.517962962962963
2.8787037037037035
2.526851851851852
3.143148148148148
2.7603703703703704
2.742777777777778
2.627962962962963
2.797037037037037
2.4144444444444444
2.621111111111111
3.2731481481481484
2.736851851851852
2.606851851851852
2.6287037037037035
2.7933333333333334
2.6192592592592594
2.7405555555555554
2.6577777777777776
2.8377777777777777
2.5755555555555554
2.611666666666667
3.138148148148148
2.6814814814814816
2.620185185185185
3.58462962962963
2.9627777777777777
2.540925925925926
2.6125925925925926
2.5455555555555556
2.5662962962962963
2.5881481481481483
2.51
2.993888888888889
2.6466666666666665
2.567037037037037
2.802962962962963
2.8812962962962962
2.772222222222222
2.759074074074074
2.782037037037037
2.6605555555555553
2.745925925925926
2.5437037037037036
2.688888888888889
2.4562962962962964
2.7603703703703704
2.5083333333333333
2.6366666666666667
2.792037037037037
2.462037037037037
2.4414814814814814
2.6224074074074073
2.578148148148148
2.3698148148148146
2.714259259259259
2.4251851851851853
2.697962962962963
2.8470370370370373
2.4412962962962963
2.512037037037037
2.4224074074074076
2.5516666666666667
2.341851851851852
2.676111111111111
2.3962962962962964
2.488703703703704
2.5385185185185186
2.6331481481481482
2.5746296296296296
2.3938888888888887
2.459074074074074
2.4027777777777777
2.595925925925926
2.3762962962962964
2.6283333333333334
2.2331481481481483
2.52
2.5125925925925925
2.4051851851851853
2.609074074074074
2.423703703703704
2.079074074074074
2.2516666666666665
2.293148148148148
2.4898148148148147
2.6551851851851853
2.6059259259259258
2.440185185185185
2.3827777777777777
2.2835185185185187
2.904074074074074
2.4812962962962963
2.405
2.1796296296296296
2.417777777777778
2.468148148148148
2.2775925925925926
2.775185185185185
2.5027777777777778
2.227222222222222
2.2712962962962964
2.1485185185185185
2.3781481481481483
2.4346296296296295
2.312777777777778
2.517962962962963
2.3874074074074074
2.5294444444444446
2.407037037037037
2.3557407407407407
2.3048148148148146
2.5275925925925926
2.281296296296296
2.412037037037037
2.526851851851852
2.354074074074074
2.2468518518518517
2.4837037037037035
2.4720370370370373
2.300925925925926
2.274814814814815
2.1166666666666667
2.2737037037037036
2.2953703703703705
2.4616666666666664
2.237962962962963
