15.45634862860805
10.11476923076923
7.330892691472957
10.114769230767926
7.336769138947796
1.0861356730769232
10.114769228682393
1.0861223172844525
12.608750647155905
7.33142692307692
15.67076914729554
12.886839269147297
9.87970765557912
1.0862655579326792
15.299074065164922
12.892635338345872
1.780769228682392
1.7748926911703227
15.670769230767922
1.7807691470640286
1.0861356730717058
15.670769230767922
1.086269147295673
7.123076923076923
12.593571044069979
7.331426555791182
1.0862692307692308
1.7754265891821706
1.0862692307692299
4.34507658918217
9.9010769147087
1.7807658918267797
7.331426914729567
15.435706353057014
12.892769230592197
12.892635338347958
1.0862691381135818
7.336635673076794
1.0861356730711844
12.892769228473707
12.886891353363728
1.0862692307692308
7.331426589161635
1.7748392658916177
9.901062231647296
7.336769147295669
4.3450769230767925
1.0803913533918268
1.0862692307692308
15.665426923076922
15.67076923076923
15.670622316472953
4.558769230717059
1.0803926588347958
9.901076555793269
1.7748392691470865
15.670769138948316
12.88741353382645
7.336769138948318
15.670622316472953
15.670769147289935
12.679062231647297
4.558769147290456
1.0862692286823918
7.331413566472958
12.89262084816471
12.678542658918268
9.59489722155086
15.670769230716928
10.114769230769195
7.12307692307692
7.336769228682388
7.336635305679545
10.109426923071132
3.420610598075325
4.553426922847371
10.114765557932678
1.0809269147086469
10.109426923058013
12.892622316472957
4.558769228682392
15.670769228473693
1.086269138927449
10.109413567307692
1.0862691472899342
7.3314135673076795
10.11476923076923
4.552892692286772
15.66541356730769
1.7807658918267926
1.0862692307170598
12.383658992400633
12.892765891826922
7.336765891821706
10.114769230769198
15.670635673076925
1.086122317307692
4.558635664729553
12.89276589182678
12.887426588264484
1.774833926588348
7.3367692286823925
1.7748926922867718
15.670765883478987
1.080926923076923
1.7807691472899343
1.080926923076923
4.558765891826924
10.11476913802176
1.0862692307692308
12.657707691472956
1.0809265891826794
4.55862228391827
4.558765891618239
15.670769147295669
11.67265382613151
7.123063566380209
1.7748926923076795
9.90107692307678
7.123076555701448
12.892769147295672
15.456489120981729
12.892765883479555
1.780769228677162
15.670635673076777
12.657706208333348
12.892769147289883
12.892635673076793
4.55876923076923
4.558765891826924
12.892769228682392
15.45707692307692
15.664839265891828
12.67906356730768
7.336769230717057
12.886833391356731
12.886892692284738
9.901063566389483
15.670635664729565
9.901076552453764
4.552839269228452
10.114622317286825
4.552833339265892
4.558769138948317
7.101654269230712
7.330839269230769
9.868001496366286
7.336769230711843
1.0862692307677817
4.321570635664729
7.099570769230769
4.558769228682392
1.0862692286771742
12.892765891826778
4.552892658918199
1.7366075266725094
1.7807692286822483
7.122489269230718
1.0641226150657292
1.7807658918269234
12.892620848163896
7.3367692307113215
7.1017062231647285
12.892769230769229
7.336769138948304
12.892620981638927
9.87735706223173
12.892622317284529
4.558769228452839
15.670769147290457
12.887413566472954
1.780769230769198
4.321357076923077
7.099333570635665
9.877357076923072
7.331413567286772
10.114769147289882
12.887413566472906
1.7807691389477955
9.879654269230716
1.7807658918269198
10.109426589182693
4.558769230769195
12.892635339159739
1.7748391356728477
12.89276589182692
15.665426922868239
10.114769230717055
9.901076923071706
12.892769138113582
7.101706356730768
12.892635663802086
7.336769147066121
12.892635338264483
12.67906223173077
12.679063567286772
4.558765882552083
15.67062083348173
4.343160615324705
1.780635673076923
7.101703028910468
1.780620981730717
1.0862692307691946
4.231070578140979
4.321570765520869
7.101707691389484
4.5534265891826795
4.553413567307692
10.114769230769195
1.7748339135664708
12.892765524459795
15.665413533918269
10.11462098173077
4.55876589182692
4.345076913803011
15.45707692307692
15.457063567307676
7.336765891595076
4.345062083348173
9.901076913802175
15.670765891826921
10.114769230711264
9.901076914729554
1.773481039404336
12.679076923076924
12.88683339265558
1.780769228473695
9.88727005083594
1.775426923071184
4.55876913811353
7.331426555709564
10.114635673071707
4.558769228450524
1.7754269230769233
10.114622317307171
9.90106353382553
10.114635302454328
10.109413567284737
7.1017076555709595
7.123062083481639
15.456483392655576
12.123720234922217
7.336769230769198
12.67854135663803
4.558620981647087
4.55876923076923
7.1638651661539665
7.1016349923514355
15.435706223172792
9.901062083481637
0.8210447860844831
1.0861223172845285
7.331426589182678
1.7807691380208344
10.108892658918268
4.323707692286824
12.892622316380209
1.0319232681148072
9.877357076923078
10.114765557909505
12.892620981728683
9.877356542692308
9.900483333333334
10.114769147289934
10.108892692284737
15.43357076913802
10.114635672326845
15.670769138030101
7.331426922867666
10.11462228391827
7.336620833481729
12.892635673071705
12.679062231647086
1.7807691472956695
4.321335706223174
15.670620833348163
4.558635339182692
9.90107692307692
12.657706208478057
15.457076588347899
1.7748392692307693
4.558765520833334
1.3372162142827577
1.0861209783916181
7.336765520837041
15.670635672845048
1.0803333926922845
1.0803339135302084
12.655333333570766
4.558620834816381
12.679076589182692
10.114769147289877
7.331426922845054
9.87756542691473
7.1230765520833375
7.101706353057006
9.901076589182171
4.558587660952214
12.65533570769147
7.099333570620982
4.3215706208333335
9.877333333335708
7.09935707691473
7.336622316389483
4.321570769230769
4.321335706208481
15.45654265520837
4.321333357076915
7.331426552454327
12.679063566389477
12.679076555709791
15.4570620981638
7.336620834816474
4.558635673071706
7.099333333333357
15.433356541208331
1.0803392692307678
4.558620834817307
1.0809120833478392
9.901076552083333
4.558769230711269
12.655335706356649
1.0861356730767784
15.433357062083479
1.0861209816380302
10.10889265891827
4.323648912083482
12.88689265524541
15.4333333570621
15.670765557909505
15.435706209817306
12.892769230769229
12.657706356730767
10.11428417308406
1.7807655245432112
9.879706208334785
15.435654135302451
15.43570769230717
15.433335707692283
15.433357076923079
6.75206847531008
12.655335706208334
1.0862691380208425
1.7807655208333706
7.336765882553012
4.323706208333333
4.552833926922868
12.886833333926552
4.32135707655212
10.114622283825522
4.321333570620833
1.0809265557909529
9.87733570620848
7.1017062084817315
7.0993333570765556
4.344483392655212
7.33083392655212
12.892620833333348
12.892769138113582
7.843851178035604
12.892622316389478
12.655333333333571
15.435707655245409
15.670769228677159
7.3308926922845075
4.323707691380209
1.0809135672868224
7.3366208347839175
1.7807692307118426
9.87757062231638
15.670620981638018
1.0861356728676594
1.0862655212043268
15.66483926555793
4.321570620834817
15.433357063566381
12.655333333335708
4.558620981638948
4.344541208333335
1.774833339265521
7.0993570620833335
15.670622316380207
1.0861356638020843
9.877357062084817
15.45706208348164
12.89262083333347
7.3314120847838256
1.7806223163802095
7.1016483333392655
15.4333333570621
4.321333357063567
7.099333333333334
7.123076552454096
4.321333333570621
1.7806356638030088
15.45654135664729
4.321333333335707
4.323706209816473
7.099333333333336
15.664839269228452
7.101706208334816
12.886833333333334
9.877333333333334
15.433357062083331
7.330833926552455
7.099333333333334
4.5528392655579095
1.0861356638020834
7.643634400829859
9.826631960932938
15.433333333357064
4.321570620848173
12.892620833481638
12.655333333333356
7.099333570620982
15.433570620848172
15.433333570635664
9.34894341911665
12.655333570620835
1.0861208333333334
15.65228064994489
4.321357062098174
7.331426552454095
10.114620833348164
9.879706208333335
15.67076589159505
12.892620833481647
11.8723431944995
7.122541208333348
4.321333333335707
4.3450620833333335
7.655062928134569
9.877335707655245
15.433333279321896
9.877357062083334
15.433333333335707
4.3213333333335715
15.43333333333357
4.321570620833482
9.877333335706208
10.114620833333333
15.433333333333332
12.655333335707692
9.877357062231729
1.054637165399328
7.099335529913992
12.655333333335708
12.655333335706208
12.892622316380217
12.655333335706223
9.8773319792597
7.099333333333334
9.879706356638021
12.655333333333335
15.433570620833347
4.323707655579095
4.558620833333333
15.670620833481639
10.114620833333333
7.099333333333334
12.655333333333335
9.877333333333334
7.099333333333334
15.457062083333483
12.679062083333333
1.7748333333333335
7.0993570620833335
15.433333333333554
7.099333333333334
4.3213333333333335
15.433333333333332
4.321335706208333
7.099333333333334
12.655333333333335
15.433333333333332
15.433333333333337
12.886833339265522
12.655333333333335
4.3213333333333335
7.101706208333335
12.373717001618184
12.655333333333335
7.099333333333334
9.877333333333334
15.433333333333332
9.877333357062085
15.433333333333332
3.2410000000000183
9.877333333333334
15.433333333333332
1.7806208333333333
12.655333333333335
15.433333333333332
15.433333333333332
12.655333333333335
15.433333333333332
12.655333333333335
15.433333333333332
9.877333333333334
9.877333333333334
