54830
37522
40876
42982
41595
52558
40885
47364
36099
36905
36187
40227
32763
39370
40114
41182
37765
39072
46750
30940
31800
39600
44054
38037
33408
55776
41691
33233
34754
54927
30806
37501
32625
31531
28739
31165
29142
33024
35271
36519
35187
35523
32444
35659
36379
37105
34561
31944
34243
26784
28683
26118
38477
44084
47047
30965
34956
31803
33054
37444
40000
33647
33374
28874
33940
37746
26484
29489
33707
24233
34129
29184
37706
33020
31116
39826
29792
33696
26120
27279
32823
29365
30244
27797
28962
39241
41987
29268
22588
29646
31566
33321
30947
31446
27313
26520
28369
30695
34481
25876
26212
28018
27985
25502
34089
29982
30434
31586
27655
26964
29480
35723
24349
30886
37637
30063
27617
27810
25514
24089
27479
25920
22663
30431
22132
22860
25550
23408
30321
23582
28871
32523
24708
25980
25086
25164
24916
30489
27519
24761
26328
22577
21895
26735
29584
23193
25154
28472
25140
22122
21915
26397
20952
21642
22314
22942
19028
19461
23201
24494
25306
22895
22320
22333
26252
22856
21265
24033
22283
20009
21173
20099
27000
24826
21043
22468
18330
24486
28054
22830
31824
22676
24756
26930
21657
22003
21304
22133
19734
25812
22790
23449
19756
21070
26389
23509
20760
24081
23335
19165
21865
21168
21799
20400
24213
17929
22060
19152
21485
20124
19572
21920
20444
19936
21387
19537
16609
21599
20781
17517
18006
19171
19817
17429
22608
25881
19403
18732
20984
20929
20447
20535
19171
24336
18314
21789
19037
17047
21724
24374
18858
20700
18689
20640
24544
19843
19464
21891
21257
20058
17002
20598
19289
20911
18545
18392
20224
18530
18643
17870
19890
17064
18289
18061
19230
19662
18572
16944
18301
16230
20246
20083
17361
18238
18898
19516
21286
18251
18161
17537
20023
19677
19691
17729
16651
19809
18452
16559
18031
18966
16507
17226
17682
16826
16676
18221
17729
17165
16158
17690
17983
15812
19056
18432
17327
20721
17279
17091
17000
17201
16438
16380
16061
18315
16576
19239
18716
17047
16190
16693
16075
16561
16322
17807
16537
14482
17046
16952
15946
17085
16306
17163
17298
16573
17560
16337
15948
15688
16053
16044
16179
15184
16235
19189
14811
15640
16741
21565
14836
15718
14381
14331
17243
16000
16102
14315
17009
15525
15296
15637
15685
15373
14514
13800
16426
14890
14675
14285
16079
17413
13435
15032
14530
15116
13597
15545
13645
16973
14906
14811
14191
15104
13038
14154
17675
14779
14077
14195
15084
14144
14799
14352
15324
13908
14103
16946
14480
14149
19357
15999
13721
14108
13746
13858
13976
13554
16167
14292
13862
15136
15559
14970
14899
15023
14367
14828
13736
14520
13264
14906
13545
14238
15077
13295
13184
14161
13922
12797
14657
13096
14569
15374
13183
13565
13081
13779
12646
14451
12940
13439
13708
14219
13903
12927
13279
12975
14018
12832
14193
12059
13608
13568
12988
14089
13088
11227
12159
12383
13445
14338
14072
13177
12867
12331
15682
13399
12987
11770
13056
13328
12299
14986
13515
12027
12265
11602
12842
13147
12489
13597
12892
13659
12998
12721
12446
13649
12319
13025
13645
12712
12133
13412
13349
12425
12284
11430
12278
12395
13293
12085
