-38532.0
-25244.0
-28240.0
-31336.0
-28870.0
-37744.0
-28624.0
-33321.0
-24885.0
-24969.0
-24245.0
-27707.0
-21694.0
-26902.0
-26602.0
-27706.0
-25518.0
-26326.0
-31712.0
-18928.0
-21236.0
-26280.0
-27259.0
-25622.0
-21344.0
-38286.0
-29383.0
-21674.0
-22118.0
-40561.0
-20362.0
-25752.0
-20162.0
-20449.0
-17736.0
-18202.0
-17220.0
-21309.0
-23012.0
-23234.0
-21809.0
-24070.0
-21120.0
-24707.0
-24332.0
-24761.0
-23007.0
-20214.0
-22720.0
-16003.0
-17580.0
-15615.0
-26067.0
-28626.0
-28474.0
-19781.0
-19708.0
-20812.0
-20872.0
-25910.0
-22134.0
-21408.0
-21390.0
-18178.0
-21450.0
-25530.0
-14926.0
-18700.0
-21915.0
-14539.0
-22162.0
-18073.0
-25302.0
-20147.0
-19325.0
-26587.0
-17731.0
-20948.0
-14304.0
-16267.0
-18558.0
-18161.0
-18307.0
-17033.0
-17343.0
-23214.0
-23160.0
-17960.0
-13266.0
-18200.0
-18635.0
-21370.0
-18671.0
-18288.0
-16543.0
-15626.0
-17636.0
-18379.0
-18965.0
-14758.0
-14978.0
-14658.0
-17695.0
-14825.0
-22332.0
-17092.0
-19379.0
-19134.0
-16469.0
-13483.0
-18475.0
-21977.0
-13966.0
-19269.0
-24447.0
-19504.0
-15233.0
-16582.0
-14429.0
-13371.0
-16050.0
-15081.0
-11616.0
-17680.0
-12172.0
-12562.0
-14920.0
-12876.0
-15966.0
-12815.0
-16678.0
-19204.0
-14331.0
-15366.0
-13870.0
-13829.0
-14489.0
-19171.0
-17060.0
-13496.0
-14246.0
-11868.0
-12110.0
-15590.0
-17382.0
-11740.0
-14941.0
-17711.0
-14694.0
-11864.0
-12021.0
-15263.0
-11437.0
-11686.0
-11893.0
-12836.0
-9481.0
-10559.0
-13060.0
-12747.0
-12564.0
-12824.0
-11935.0
-11696.0
-15146.0
-12883.0
-10949.0
-13737.0
-12160.0
-10642.0
-11019.0
-10982.0
-16574.0
-12744.0
-11441.0
-12406.0
-9375.0
-13073.0
-14469.0
-12485.0
-18022.0
-10918.0
-13817.0
-14756.0
-11251.0
-11873.0
-12245.0
-12391.0
-10396.0
-15807.0
-11931.0
-12534.0
-9315.0
-11814.0
-14382.0
-12875.0
-10806.0
-11737.0
-13029.0
-9039.0
-11579.0
-11503.0
-11369.0
-10992.0
-11966.0
-8663.0
-10657.0
-9239.0
-11213.0
-10242.0
-9896.0
-11419.0
-11247.0
-10124.0
-11633.0
-10109.0
-7734.0
-10604.0
-10669.0
-7882.0
-8480.0
-8828.0
-9892.0
-8283.0
-10769.0
-14881.0
-8948.0
-8843.0
-10592.0
-11081.0
-10726.0
-10234.0
-9122.0
-13029.0
-8947.0
-10631.0
-9320.0
-7543.0
-10552.0
-11495.0
-9747.0
-9919.0
-9508.0
-10203.0
-12463.0
-9766.0
-9288.0
-11501.0
-11286.0
-10016.0
-7160.0
-11320.0
-10324.0
-10304.0
-8699.0
-8216.0
-9692.0
-8426.0
-8315.0
-8483.0
-9858.0
-7789.0
-8470.0
-9183.0
-8967.0
-10424.0
-8682.0
-7807.0
-8629.0
-7290.0
-10344.0
-8584.0
-8141.0
-8352.0
-9483.0
-9232.0
-9108.0
-8771.0
-8439.0
-7527.0
-8443.0
-9675.0
-10199.0
-8165.0
-7625.0
-9516.0
-8558.0
-7623.0
-8751.0
-9028.0
-7246.0
-7829.0
-8145.0
-7842.0
-7910.0
-8745.0
-8464.0
-7566.0
-6881.0
-8112.0
-8326.0
-7455.0
-8759.0
-8543.0
-8160.0
-9122.0
-6586.0
-7677.0
-7206.0
-8393.0
-7152.0
-7067.0
-6699.0
-8511.0
-7133.0
-7449.0
-6657.0
-7758.0
-6795.0
-7103.0
-7112.0
-7387.0
-7189.0
-7096.0
-6909.0
-5608.0
-7630.0
-7344.0
-7342.0
-8176.0
-6892.0
-8015.0
-7714.0
-7203.0
-7214.0
-7320.0
-6956.0
-6546.0
-6937.0
-6845.0
-6581.0
-6372.0
-7191.0
-7554.0
-6377.0
-6531.0
-7633.0
-8481.0
-6312.0
-6104.0
-6306.0
-5817.0
-6640.0
-6992.0
-5864.0
-5761.0
-7171.0
-6463.0
-6160.0
-6711.0
-6566.0
-6726.0
-5526.0
-5221.0
-5573.0
-6153.0
-5865.0
-5840.0
-5867.0
-6618.0
-5274.0
-5755.0
-6958.0
-5803.0
-5435.0
-6065.0
-5322.0
-7400.0
-6108.0
-6241.0
-5523.0
-5983.0
-5211.0
-5487.0
-7810.0
-5406.0
-5447.0
-5397.0
-5366.0
-5681.0
-6086.0
-6020.0
-6677.0
-5216.0
-5402.0
-5768.0
-5695.0
-4971.0
-7836.0
-5975.0
-5077.0
-5340.0
-5469.0
-5369.0
-4901.0
-5218.0
-6254.0
-5000.0
-4641.0
-6421.0
-5457.0
-6092.0
-5667.0
-6243.0
-5731.0
-5353.0
-5106.0
-5112.0
-4728.0
-4585.0
-4836.0
-5195.0
-4864.0
-5074.0
-5057.0
-5113.0
-4931.0
-5043.0
-5447.0
-4019.0
-5171.0
-5707.0
-4470.0
-5025.0
-4542.0
-4516.0
-4221.0
-5324.0
-4901.0
-5336.0
-4349.0
-4191.0
-4985.0
-3866.0
-4321.0
-4386.0
-4945.0
-4338.0
-5029.0
-4326.0
-4567.0
-4804.0
-4675.0
-4404.0
-4734.0
-3832.0
-4133.0
-4365.0
-4338.0
-4880.0
-4718.0
-3943.0
-4198.0
-3907.0
-5215.0
-4318.0
-4405.0
-3903.0
-4626.0
-4315.0
-4321.0
-4591.0
-4164.0
-4146.0
-4192.0
-3671.0
-4341.0
-4138.0
-4438.0
-4822.0
-4165.0
-4365.0
-4587.0
-4433.0
-4221.0
-4842.0
-4305.0
-5100.0
-4230.0
-3936.0
-3940.0
-3972.0
-4077.0
-3967.0
-4038.0
-3974.0
-3747.0
-4039.0
-4236.0
-4271.0
