-202705.0
-446344.0
-154479.0
-113705.0
-197082.0
-150942.0
-54916.0
-55178.0
-60092.0
-59156.0
-68733.0
-94180.0
-137132.0
-55339.0
-41629.0
-63698.0
-71039.0
-65619.0
-53468.0
-37698.0
-44472.0
-45778.0
-33135.0
-38536.0
-24608.0
-29078.0
-37101.0
-36327.0
-24833.0
-90470.0
-35766.0
-47316.0
-36072.0
-17383.0
-31735.0
-25692.0
-21167.0
-46302.0
-18753.0
-25468.0
-22319.0
-22929.0
-16839.0
-25709.0
-27527.0
-23604.0
-19663.0
-57835.0
-15164.0
-15833.0
-15635.0
-29985.0
-18217.0
-18339.0
-18578.0
-23811.0
-17888.0
-23459.0
-19053.0
-16927.0
-20667.0
-14474.0
-11373.0
-13612.0
-12837.0
-16379.0
-10861.0
-16497.0
-15496.0
-11423.0
-10641.0
-11924.0
-12347.0
-13516.0
-13624.0
-12871.0
-12862.0
-12072.0
-10253.0
-11418.0
-9501.0
-13472.0
-11651.0
-11958.0
-8733.0
-9556.0
-8432.0
-10815.0
-11502.0
-10722.0
-7463.0
-9460.0
-10884.0
-11668.0
-8744.0
-7780.0
-9254.0
-10607.0
-10051.0
-7524.0
