13.597407407407408
50.650740740740744
49.52537037037037
17.14666666666667
38.02425925925926
30.035925925925927
13.341851851851851
17.14037037037037
18.678333333333335
16.506481481481483
43.775740740740744
16.810185185185187
10.354814814814814
10.053333333333333
13.279444444444444
5.238518518518519
8.727592592592593
9.10925925925926
9.802777777777777
7.922407407407407
20.087222222222223
19.35074074074074
7.097777777777778
11.798703703703703
5.504444444444444
7.513148148148148
4.889444444444444
4.959074074074074
13.384629629629629
5.450185185185185
6.3966666666666665
6.1524074074074075
5.542037037037037
5.293148148148148
4.470555555555555
7.035
10.327407407407408
4.2188888888888885
4.205555555555556
5.0996296296296295
5.073703703703703
4.639444444444444
4.190925925925926
4.643888888888889
4.1883333333333335
3.8381481481481483
4.003148148148148
4.025740740740741
3.5374074074074073
4.485740740740741
4.186296296296296
3.7203703703703703
3.562037037037037
3.980185185185185
3.71
4.066111111111111
4.236666666666666
3.7157407407407406
3.185925925925926
8.583333333333334
3.979814814814815
3.0542592592592595
3.456111111111111
3.1351851851851853
4.238148148148148
3.399074074074074
3.1842592592592593
4.79
4.650740740740741
4.125555555555556
3.143148148148148
3.6594444444444445
2.5881481481481483
3.1996296296296296
4.106296296296296
3.3292592592592594
3.0462962962962963
2.6885185185185185
3.317962962962963
4.442962962962963
4.1809259259259255
2.967037037037037
3.256111111111111
4.30462962962963
3.4203703703703705
3.474814814814815
4.2787037037037035
3.1951851851851854
3.0455555555555556
3.0144444444444445
2.757962962962963
2.403703703703704
3.602777777777778
2.949074074074074
3.10037037037037
4.045555555555556
2.964814814814815
4.80037037037037
2.65
3.0212962962962964
