15.45707690035423
10.11476923076923
4.558769230769231
12.892769230769233
4.558769230769231
10.11476923076923
1.080926923076923
12.892769230717061
4.558769147295673
4.55876923076923
12.892769230769233
4.558769230769231
1.0862655579326896
4.558769147295673
12.89276589182678
7.331426923076924
7.336765891826923
7.336769230769231
4.558769230769231
7.336769230769231
15.67076923076923
15.67076923076923
10.11476923071706
1.086265891826923
1.0997765362960794
1.7807692307692307
4.55876923076923
12.892769228682392
7.336769230769231
10.114769138948319
7.336769230711843
1.0862692307691981
10.095610323586769
15.45707692307692
12.8735603190973
10.11476923076923
1.0862692307692308
12.892769230769233
4.558769230769231
1.7807692307692307
12.892765891821705
4.298395214959349
7.336769230767795
15.670620848172849
7.336769228473708
1.78076923076923
4.558769228452839
1.7807692307692307
1.0861223173076922
1.774833339269231
1.7807692307170597
10.109426923076924
4.5587655211742675
15.67076923076923
15.457076923076789
10.114769228473708
15.67076923071706
12.886892692307114
5.517346748086584
10.11476923076923
4.558635673076923
7.336769147295674
7.12307692307692
15.670769230769196
10.109426914706404
9.509296576652986
10.108839269230769
12.611292227535662
9.879706209817307
7.336635664729554
4.558765557932692
1.0861208481647295
10.114765526205764
1.7748392691380304
7.33676923076923
4.32157062098173
1.0862691465381902
12.655335706208348
1.0862692307169162
7.12307692307692
9.87970622316473
1.086269228450521
7.1017062083334705
7.123062231647291
12.655333357062084
9.877333570635665
12.655333333357062
12.8926223163803
1.7807692307118423
9.877333333357061
12.655333333333335
7.238032500097321
12.679076552083334
7.330833392655208
9.877333333333567
1.1015965007428472
7.123062083333333
9.877357062083334
15.433333333333332
12.679062083333335
