73426
273514
267437
92592
205331
162194
72046
92558
100863
89135
236389
90775
55916
54288
71709
28288
47129
49190
52935
42781
108471
104494
38328
63713
29724
40571
26403
26779
72277
29431
34542
33223
29927
28583
24141
37989
55768
22782
22710
27538
27398
25053
22631
25077
22617
20726
21617
21739
19102
24223
22606
20090
19235
21493
20034
21957
22878
20065
17204
46350
21491
16493
18663
16930
22886
18355
17195
25866
25114
22278
16973
19761
13976
17278
22174
17978
16450
14518
17917
23992
22577
16022
17583
23245
18470
18764
23105
17254
16446
16278
14893
12980
19455
15925
16742
21846
16010
25922
14310
16315
