-950713.0
-627269.0
-196372.0
-401615.0
-508575.0
-441791.0
-789617.0
-738607.0
-585003.0
-492232.0
-731798.0
-224174.0
-554409.0
-796838.0
-1003597.0
-488751.0
-594661.0
-460012.0
-394020.0
-585976.0
-712002.0
-347998.0
-686809.0
-735723.0
-389576.0
-286675.0
-562060.0
-602375.0
-658508.0
-628474.0
-264066.0
-401269.0
-604368.0
-249456.0
-435611.0
-752913.0
-441898.0
-377618.0
-338565.0
-554331.0
-413615.0
-371057.0
-269788.0
-245129.0
-468535.0
-213980.0
-262108.0
-471627.0
-564032.0
-647448.0
-205600.0
-288453.0
-360337.0
-139672.0
-500405.0
-326513.0
-402843.0
-292717.0
-168217.0
-230980.0
-471654.0
-748997.0
-174504.0
-162398.0
-315326.0
-372368.0
-145793.0
-347128.0
-156739.0
-429237.0
-178369.0
-426706.0
-159451.0
-235710.0
-260290.0
-182461.0
-241930.0
-315882.0
-391613.0
-218996.0
-384293.0
-279069.0
-438336.0
-236512.0
-318278.0
-276615.0
-491680.0
-156254.0
-186094.0
-427326.0
-496976.0
-185184.0
-131478.0
-596204.0
-201122.0
-131171.0
-336265.0
-272318.0
-241924.0
-593252.0
-212152.0
-511084.0
-96248.0
-92844.0
-104277.0
-337083.0
-210310.0
-160724.0
-72031.0
-293099.0
-328526.0
-148131.0
-88581.0
-111598.0
-481763.0
-164730.0
-190395.0
-204893.0
-122060.0
-196880.0
-71517.0
-76760.0
-216756.0
-55493.0
-162131.0
-63626.0
-279627.0
-284133.0
-234758.0
-83199.0
-90627.0
-526145.0
-95029.0
-176495.0
-127297.0
-84986.0
-115718.0
-134817.0
-206536.0
-55942.0
-247004.0
-92245.0
-117358.0
-108048.0
-70697.0
-263747.0
-77524.0
-283244.0
-157845.0
-220079.0
-57732.0
-122823.0
-229609.0
-63629.0
-197969.0
-98557.0
-154244.0
-346552.0
-180152.0
-110578.0
-256090.0
-76336.0
-164529.0
-64897.0
-106667.0
-82813.0
-95053.0
-232956.0
-68048.0
-80477.0
-66129.0
-84161.0
-122283.0
-84653.0
-159118.0
-101992.0
-75305.0
-119324.0
-132883.0
-87424.0
-312860.0
-124935.0
-55886.0
-90280.0
-93710.0
-241382.0
-145162.0
-72320.0
-54065.0
-128145.0
-53568.0
-70407.0
-52077.0
-67165.0
-279374.0
-64611.0
-71757.0
-100310.0
-103604.0
-100501.0
-83242.0
-173577.0
-51085.0
-92596.0
-164649.0
-119377.0
-107091.0
-83659.0
-35383.0
-215198.0
-74788.0
-91486.0
-47349.0
-54668.0
-57011.0
-120179.0
-117647.0
-51516.0
-52828.0
-99598.0
-51212.0
-43363.0
-45799.0
-79838.0
-82530.0
-105793.0
-144625.0
-53347.0
-106181.0
-45022.0
-40969.0
-59594.0
-88048.0
-53212.0
-44772.0
-43079.0
-110356.0
-125430.0
-64233.0
-108394.0
-71550.0
-71706.0
-46403.0
-88027.0
-146751.0
-111485.0
-45110.0
-49147.0
-44080.0
-97603.0
-59657.0
-36430.0
-41945.0
-107938.0
-109963.0
-60438.0
-58860.0
-37904.0
-33145.0
-44256.0
-39997.0
-38936.0
-43226.0
-50428.0
-68116.0
-46722.0
-73330.0
-85961.0
-35048.0
-35600.0
-75464.0
-99116.0
-65775.0
-38695.0
-38559.0
-42723.0
-62502.0
-33156.0
-34306.0
-42019.0
-62632.0
-36627.0
-61494.0
-32665.0
-70120.0
-35984.0
-71307.0
-38808.0
-34464.0
-40738.0
-47372.0
-42235.0
-46107.0
-41229.0
-40958.0
-62120.0
-85611.0
-62104.0
-38209.0
-31934.0
-25398.0
-57602.0
-31601.0
-33152.0
-57854.0
-91809.0
-95104.0
-44034.0
-32962.0
-34554.0
-33360.0
-34907.0
-47685.0
-30773.0
-37847.0
-49937.0
-66255.0
-53888.0
-34803.0
-65543.0
-43208.0
-33860.0
-28930.0
-62979.0
-29680.0
-47760.0
-34083.0
-34805.0
-31179.0
-47270.0
-29767.0
-39155.0
-28536.0
-29398.0
-25803.0
-32066.0
-26450.0
-32870.0
-27859.0
-43722.0
-38988.0
-28373.0
-42493.0
-41161.0
-44549.0
-71582.0
-50446.0
-55520.0
-25325.0
-28917.0
-52742.0
-60302.0
-46697.0
-24111.0
-47065.0
-28289.0
-26433.0
-27256.0
-26245.0
-32723.0
-29652.0
-35069.0
-53289.0
-47482.0
-51347.0
-32166.0
-29018.0
-25506.0
-48310.0
-48629.0
-41791.0
-25203.0
-25913.0
-35832.0
-49249.0
-23269.0
-29940.0
-46155.0
-27489.0
-45759.0
-23114.0
-24543.0
-22493.0
-54283.0
-40094.0
-28795.0
-28181.0
-34035.0
-26249.0
-22998.0
-27019.0
-25607.0
-27506.0
-27000.0
-50412.0
-44587.0
-23771.0
-39455.0
-35143.0
-26068.0
-26972.0
-20389.0
-24596.0
-28104.0
-36606.0
-41239.0
-26981.0
-38276.0
-36616.0
-20973.0
-41212.0
-22979.0
-25771.0
-23493.0
-23686.0
-27473.0
-23965.0
-21739.0
-21076.0
-47560.0
-37894.0
-25675.0
-42345.0
-24686.0
-24299.0
-21518.0
-23409.0
-21475.0
-36240.0
-39849.0
-38397.0
-36064.0
-22453.0
-35774.0
-24049.0
-24803.0
-34056.0
-31492.0
-21970.0
-22218.0
-44209.0
-37230.0
-22400.0
-31988.0
-23675.0
-21015.0
-20174.0
-29382.0
-23115.0
-43489.0
-24719.0
-21911.0
-20274.0
-40672.0
-19688.0
-19746.0
-30730.0
-41830.0
-19476.0
-21209.0
-20170.0
-32641.0
-22247.0
-21047.0
-48562.0
-21251.0
-20126.0
-20558.0
-22409.0
-32280.0
-20313.0
-35966.0
-36608.0
-19996.0
-22443.0
-19386.0
-19132.0
-19350.0
-20807.0
-19416.0
-32738.0
-29030.0
-17583.0
-22119.0
-19353.0
-18099.0
-31181.0
-17052.0
-21450.0
-20044.0
-30151.0
-33689.0
-18870.0
-18501.0
-17633.0
-21884.0
-20970.0
-19097.0
-20141.0
-17146.0
