315.73648148148146
219.9524074074074
79.10092592592592
151.2190740740741
184.01592592592593
168.13814814814816
265.42
246.59185185185186
199.56037037037038
173.18962962962962
260.7351851851852
101.1211111111111
190.00222222222223
305.72962962962964
339.0805555555556
187.52537037037038
212.05092592592592
165.27296296296296
152.01055555555556
188.9787037037037
244.55203703703702
141.72074074074075
250.52555555555554
268.8609259259259
149.2812962962963
120.23907407407407
220.2014814814815
203.87037037037038
252.425
247.64111111111112
118.88888888888889
151.21462962962963
234.63796296296297
99.53092592592593
162.9275925925926
291.2238888888889
163.05685185185186
147.50296296296295
149.0212962962963
214.3762962962963
172.25037037037038
157.58351851851853
112.17814814814815
100.37703703703704
175.99370370370372
89.90537037037036
128.18351851851853
162.41148148148147
226.1037037037037
246.84259259259258
96.0411111111111
121.83703703703704
143.2474074074074
72.01166666666667
196.62944444444443
127.26722222222222
172.0888888888889
121.78481481481481
78.52833333333334
91.98018518518519
199.805
274.11425925925926
88.65055555555556
81.11481481481482
127.56574074074074
159.19962962962964
73.60222222222222
158.53203703703704
75.36277777777778
191.20666666666668
82.76481481481481
191.74759259259258
79.51351851851852
110.10148148148149
110.01944444444445
81.90148148148148
105.34296296296296
148.54425925925926
147.9462962962963
103.07814814814814
160.07444444444445
125.51481481481481
182.7512962962963
105.6825925925926
130.05777777777777
137.995
219.5774074074074
69.66518518518518
91.95777777777778
176.0485185185185
187.4874074074074
88.22166666666666
63.3987037037037
225.7762962962963
84.00851851851851
61.47592592592593
130.33037037037036
110.52185185185185
128.41962962962964
231.32666666666665
92.40092592592593
206.96703703703704
57.27685185185185
50.952962962962964
53.79148148148148
150.49685185185186
92.14888888888889
81.53018518518519
47.75111111111111
140.08
155.90962962962962
73.97666666666667
55.4687037037037
65.81592592592592
203.85981481481483
78.27444444444444
96.58555555555556
116.65092592592593
66.44518518518518
101.30166666666666
47.885
51.13666666666666
94.59
37.772592592592595
70.2487037037037
40.44222222222222
134.0511111111111
132.02074074074073
116.66685185185185
49.108518518518515
56.81777777777778
205.73074074074074
48.96944444444444
83.33703703703704
67.71351851851851
45.39703703703704
66.40518518518519
106.73333333333333
115.05555555555556
40.675185185185185
129.23574074074074
50.162962962962965
64.01240740740741
58.242222222222225
47.727222222222224
140.725
46.77740740740741
138.43703703703704
106.08203703703704
123.88777777777777
44.51796296296296
62.85537037037037
101.22555555555556
39.61518518518518
115.10092592592592
52.053518518518516
75.98777777777778
164.3072222222222
106.79222222222222
59.572037037037035
121.875
43.9612962962963
76.42518518518519
44.03018518518518
54.425185185185185
41.17296296296296
55.74722222222222
119.60018518518518
45.72185185185185
53.19074074074074
39.53703703703704
43.540925925925926
61.03055555555556
70.61148148148148
83.03981481481482
58.58425925925926
41.660555555555554
91.76388888888889
93.26148148148148
53.583333333333336
143.74055555555555
82.4524074074074
35.25925925925926
70.66148148148149
59.48833333333334
119.22574074074075
93.17703703703704
46.745555555555555
39.992222222222225
67.74388888888889
35.093148148148146
40.58296296296297
36.06407407407407
50.52759259259259
141.63055555555556
37.00888888888889
46.55722222222222
74.93388888888889
59.66685185185185
58.315
47.45814814814815
112.19907407407408
35.6612962962963
47.56074074074074
105.79981481481481
62.92888888888889
74.22981481481482
65.90555555555555
28.949444444444445
117.85
43.38740740740741
74.24722222222222
31.765
37.98203703703704
47.44814814814815
61.46648148148148
88.49
32.84388888888889
38.64462962962963
79.86037037037038
38.73851851851852
28.158333333333335
34.64907407407407
47.19481481481481
69.01574074074074
87.895
86.11611111111111
38.529444444444444
82.65629629629629
34.96944444444444
24.754074074074072
38.154444444444444
61.237037037037034
35.03981481481482
28.747407407407408
34.041296296296295
77.60814814814815
89.84962962962963
36.87518518518519
80.87962962962963
57.63388888888889
61.03944444444444
28.357222222222223
47.912592592592596
94.62722222222222
82.57351851851851
31.51703703703704
36.849259259259256
29.04740740740741
77.42425925925926
40.42018518518518
25.606666666666666
39.57981481481482
78.89148148148148
78.32166666666667
43.60722222222222
50.80759259259259
26.665925925925926
27.94462962962963
30.77166666666667
28.57648148148148
28.109814814814815
34.57018518518519
37.08833333333333
39.37407407407407
30.760555555555555
70.6288888888889
70.51351851851852
23.964074074074073
27.158148148148147
65.45907407407407
71.82685185185186
62.21277777777778
31.09962962962963
30.208148148148148
34.0612962962963
53.47648148148148
27.185925925925925
28.960555555555555
30.47462962962963
54.66481481481482
32.69574074074074
60.14851851851852
25.68111111111111
59.534444444444446
27.51425925925926
62.29351851851852
31.23351851851852
29.077962962962964
33.312407407407406
34.27981481481481
33.60722222222222
33.182037037037034
28.66925925925926
31.806296296296296
55.54074074074074
72.48148148148148
57.111111111111114
34.087407407407404
23.53796296296296
24.094444444444445
53.00611111111111
27.13
28.60351851851852
55.407037037037036
71.03648148148149
73.82222222222222
33.28314814814815
26.883333333333333
26.85
25.946851851851854
31.526666666666667
45.90574074074074
24.749444444444446
32.494814814814816
49.04925925925926
57.87851851851852
52.12888888888889
26.375555555555554
63.14611111111111
34.504074074074076
28.027962962962963
28.035185185185185
50.68833333333333
22.930925925925926
40.78888888888889
28.372037037037035
30.13574074074074
26.998703703703704
45.38481481481482
25.402037037037037
31.07148148148148
23.337222222222223
22.451296296296295
25.922037037037036
28.077962962962964
21.98925925925926
26.51074074074074
23.855740740740742
47.05111111111111
27.72962962962963
25.160740740740742
45.025740740740744
43.73481481481482
29.24240740740741
66.75055555555555
48.166666666666664
46.50703703703704
22.45074074074074
23.71814814814815
53.10462962962963
54.059444444444445
46.93944444444445
20.62925925925926
46.18611111111111
23.471666666666668
21.35351851851852
23.94537037037037
24.618703703703705
24.665925925925926
25.090185185185184
27.45722222222222
50.38814814814815
48.17388888888889
49.45518518518519
22.98425925925926
25.698703703703703
21.22222222222222
46.74703703703704
46.08111111111111
49.00648148148148
21.884074074074075
20.910185185185185
27.159074074074073
50.693518518518516
20.43574074074074
26.611666666666668
44.02
26.517592592592592
45.142037037037035
21.82814814814815
23.590185185185184
20.861851851851853
53.748333333333335
38.98851851851852
25.77074074074074
22.66314814814815
35.44888888888889
22.470185185185183
21.149444444444445
26.499444444444446
25.401481481481483
22.72740740740741
24.630185185185184
53.03407407407408
44.196666666666665
23.714259259259258
39.165925925925926
35.09740740740741
23.980740740740742
23.720555555555556
19.577962962962964
24.139814814814816
27.605185185185185
40.01037037037037
40.11907407407407
24.033148148148147
37.60740740740741
39.379814814814814
21.990555555555556
46.522777777777776
19.846666666666668
19.397777777777776
21.300925925925927
23.103703703703705
25.790555555555557
20.317222222222224
21.635925925925925
18.971666666666668
51.95777777777778
36.809074074074076
22.348518518518517
44.41037037037037
25.987962962962964
20.184074074074076
20.50962962962963
25.202222222222222
19.85351851851852
38.19777777777778
40.70777777777778
41.09685185185185
35.33148148148148
21.69425925925926
39.47833333333333
21.776666666666667
21.93037037037037
37.696481481481484
35.82611111111111
20.065185185185186
25.183518518518518
44.001666666666665
41.60018518518518
20.298333333333332
34.81333333333333
24.709814814814816
18.468703703703703
22.275925925925925
31.511111111111113
20.414074074074072
43.43888888888889
21.511111111111113
23.118148148148148
19.448888888888888
42.93222222222222
19.64574074074074
19.156296296296297
36.27814814814815
42.77185185185185
18.60537037037037
21.45074074074074
17.967962962962964
36.04648148148148
20.01703703703704
21.743148148148148
49.52407407407407
18.692592592592593
19.01074074074074
22.050555555555555
25.039074074074072
37.07888888888889
19.987407407407407
39.26481481481481
41.29203703703703
17.776666666666667
21.96611111111111
19.83240740740741
19.09425925925926
18.50888888888889
19.794074074074075
19.417407407407406
38.059814814814814
34.70092592592592
18.912222222222223
19.873333333333335
17.637037037037036
17.446851851851854
38.455740740740744
20.41962962962963
20.34962962962963
21.523518518518518
33.32666666666667
36.30722222222222
19.976481481481482
20.749444444444446
18.072407407407407
20.035925925925927
23.86277777777778
19.84777777777778
19.167037037037037
20.18166666666667
