1704977
1187743
427145
816583
993686
907946
1433268
1331596
1077626
935224
1407970
546054
1026012
1650940
1831035
1012637
1145075
892474
820857
1020485
1320581
765292
1352838
1451849
806119
649291
1189088
1100900
1363095
1337262
642000
816559
1267045
537467
879809
1572609
880507
796516
804715
1157632
930152
850951
605762
542036
950366
485489
692191
877022
1220960
1332950
518622
657920
773536
388863
1061799
687243
929280
657638
424053
496693
1078947
1480217
478713
438020
688855
859678
397452
856073
406959
1032516
446930
1035437
429373
594548
594105
442268
568852
802139
798910
556622
864402
677780
986857
570686
702312
745173
1185718
376192
496572
950662
1012432
476397
342353
1219192
453646
331970
703784
596818
693466
1249164
498965
1117622
309295
275146
290474
812683
497604
440263
257856
756432
841912
399474
299531
355406
1100843
422682
521562
629915
358804
547029
258579
276138
510786
203972
379343
218388
723876
712912
630001
265186
306816
1110946
264435
450020
365653
245144
358588
576360
621300
219646
697873
270880
345667
314508
257727
759915
252598
747560
572843
668994
240397
339419
546618
213922
621545
281089
410334
887259
576678
321689
658125
237391
412696
237763
293896
222334
301035
645841
246898
287230
213500
235121
329565
381302
448415
316355
224967
495525
503612
289350
776199
445243
190400
381572
321237
643819
503156
252426
215958
365817
189503
219148
194746
272849
764805
199848
251409
404643
322201
314901
256274
605875
192571
256828
571319
339816
400841
355890
156327
636390
234292
400935
171531
205103
256220
331919
477846
177357
208681
431246
209188
152055
187105
254852
372685
474633
465027
208059
446344
188835
133672
206034
330680
189215
155236
183823
419084
485188
199126
436750
311223
329613
153129
258728
510987
445897
170192
198986
156856
418091
218269
138276
213731
426014
422937
235479
274361
143996
150901
166167
154313
151793
186679
200277
212620
166107
381396
380773
129406
146654
353479
387865
335949
167938
163124
183931
288773
146804
156387
164563
295190
176557
324802
138678
321486
148577
336385
168661
157021
179887
185111
181479
179183
154814
171754
299920
391400
308400
184072
127105
130110
286233
146502
154459
299198
383597
398640
179729
145170
144990
140113
170244
247891
133647
175472
264866
312544
281496
142428
340989
186322
151351
151390
273717
123827
220260
153209
162733
145793
245078
137171
167786
126021
121237
139979
151621
118742
143158
128821
254076
149740
135868
243139
236168
157909
360453
260100
251138
121234
128078
286765
291921
253473
111398
249405
126747
115309
129305
132941
133196
135487
148269
272096
260139
267058
124115
138773
114600
252434
248838
264635
118174
112915
146659
273745
110353
143703
237708
143195
243767
117872
127387
112654
290241
210538
139162
122381
191424
121339
114207
143097
137168
122728
133003
286384
238662
128057
211496
189526
129496
128091
105721
130355
149068
216056
216643
129779
203080
212651
118749
251223
107172
104748
115025
124760
139269
109713
116834
102447
280572
198769
120682
239816
140335
108994
110752
136092
107209
206268
219822
221923
190790
117149
213183
117594
118424
203561
193461
108352
135991
237609
224641
109611
187992
133433
99731
120290
170160
110236
234570
116160
124838
105024
231834
106087
103444
195902
230968
100469
115834
97027
194651
108092
117413
267430
100940
102658
119073
135211
200226
107932
212030
222977
95994
118617
107095
103109
99948
106888
104854
205523
187385
102126
107316
95240
94213
207661
110266
109888
116227
179964
196059
107873
112047
97591
108194
128859
107178
103502
108981
