4.553426922868239
12.71482366748355
4.344542658916177
7.425809688154464
4.558765557932169
1.065150757211734
4.321565426589183
12.89276589182163
1.7461027957758168
12.88742692286824
7.33676913811353
15.435707658834797
12.678542655242419
12.892765557932695
15.457076913894833
4.282168809664631
1.0862692286771742
4.5586356723620165
12.678489135305792
12.89276922868226
12.892765557095865
15.457076589182169
15.457076914729043
10.114769230769198
12.62801842381076
9.879707689273495
12.892769230769233
9.900542692286823
1.0862692284737079
10.114769228682261
4.558768927894418
1.0862692286823918
1.080926923076923
4.345076914728994
11.75307692306092
12.679076914729567
7.336635664729568
10.114765891821694
1.0803926922868226
1.7754269230717057
7.123062098172848
1.7807569846903561
1.7807658918079938
4.3237076589182
1.7806356647295671
1.0861356647295675
7.336769230767926
9.901076923076923
1.0803913567307117
7.331413567307692
15.67076914729554
7.336283421513087
1.0578466002288303
1.7748926914729566
4.558769230769231
9.901076923076923
1.0861209817307693
15.670769230765808
2.213989546787091
12.60117482351687
4.3450769230769195
15.670769230767798
10.114765891618239
15.6707692307645
10.114769138925363
15.348724307599237
7.336635673076924
1.7807691472955427
1.7805942755215192
1.7807692307691945
7.123076922868239
9.901076913894832
1.7807692307111442
9.879707692307694
5.504556427353158
4.5586356730716915
4.344541222838348
1.086135673071706
1.780765882343059
9.901076589182692
15.670769147295669
12.892769230716913
4.345076923076923
1.0809265891826794
15.670769228682389
1.086265524543269
15.670765883479566
1.77542655579308
15.665426589182676
7.336635673076924
1.0803913567286823
15.364505093522812
1.4876761357515147
4.558769147086466
12.892769138948319
12.422049132245913
9.90106223161703
7.3314268926740045
7.331426552454327
4.553426914729568
10.114765882552177
15.67076923076923
1.775412231730768
15.670635664729565
7.336769230711843
12.89276914729567
12.679063567307693
7.330892658918233
7.331426914729567
4.55876589182692
10.114769230716917
9.90106356730717
12.886839269230716
4.466814823804047
4.552891208333482
0.8042975215745664
10.114769138113582
12.886892655579322
7.101707692307171
7.336769230769231
7.33676923071706
7.336279986459852
12.678483913567309
15.67076923076923
9.879706209816472
10.114635664708647
9.877357076922868
1.086122317286824
7.331413567307678
12.678542658915974
7.1230635664654285
15.664839265891828
1.5430743865312595
1.7807691472904559
15.67076923071184
15.665426923076922
1.0803339265520837
10.114765891821126
7.336769230769198
7.4097826819637636
10.11476923076923
9.90106223173077
12.679076922868239
4.345063533918217
1.7473872815741338
1.7807692284736933
12.406539804600826
15.664892691472954
1.0862658826448317
4.558635672868239
4.323707692307692
1.775426923071184
12.892635664729525
1.0862692284737077
1.0861222805791182
9.85652702542181
12.89276589159528
1.7754135673071705
4.55876589182692
1.7807692307170597
7.336769147295543
15.670769147290457
4.558769147295673
9.901076555793217
9.929920165563512
4.552833926589183
10.108892691380301
9.90107692286766
4.55876914729553
10.11476914706612
15.665413567307173
10.114765471296705
6.983626912759514
7.101706356638948
1.775426589182692
4.558635673076793
15.665426588345861
7.122542692307678
12.655333357076556
1.7807655245411822
12.6785426914729
7.1230765883479545
4.34507692284737
1.0861209783918215
10.108892692284737
15.670769228450542
12.887426923076925
1.0650041422626144
9.91760519121592
15.665426922868221
10.114769230717055
10.11476923076923
15.433570769143955
1.0809269230717056
1.7807655579118227
15.670769147295312
12.892769230711844
1.7807692307679264
10.107524567717684
1.0803392691472904
9.877357057594038
15.66483926555793
7.336765557911823
12.419844675599998
12.892622317307692
7.331426922868225
1.080926923076923
1.0862692307170598
12.892769230717061
4.345076914706382
4.553426913803011
12.887413530245434
12.892769147295542
1.0803926552454324
10.11476923076923
7.3308926922847375
12.892769230711844
4.539616722174118
12.655335706356729
1.774892691470638
1.7807655570144831
1.7435141683346267
4.345062097838255
15.665378939046018
4.553413567307692
7.330833333913532
7.123076914708699
12.41717536848346
10.10883926552087
4.553426914706381
12.892769228473707
4.5534120981647295
12.89276923071127
7.3314269228473705
1.7748333926589184
1.7807655208370434
7.101707655212041
9.879706223164728
9.901076914729554
7.336769138947744
4.558769230716915
1.7754135339159738
15.433356864371513
1.0862692284736934
1.0861208481728677
15.66489265891597
9.708934134520941
12.886820263790378
1.0862692286822484
4.321333570769138
1.7785860146165355
12.602481660943386
9.877570769228678
12.678541356638021
4.553426923076794
1.780620848163803
4.55342692307692
15.118808855127838
10.114620834817233
7.330833392658919
7.099333333357078
4.32370635664729
12.679062083348175
7.099333333335707
7.098324172416746
4.558769230769196
10.114769138113582
7.330891353391822
12.67907691380301
15.670769147295669
12.679076913894779
7.3308926922845075
1.7748392691472958
4.406939467126401
1.0862692307677957
12.655357063567308
4.3237062084816476
15.670635663894775
9.9005426913803
12.892620834816473
9.879707691472898
1.7748333333339268
7.101707691472899
7.122541209817308
10.108839269228683
1.7748339269228453
7.099570620834816
10.108892655212042
7.336620848163802
10.114620834816474
15.67076923073435
7.101650299577246
12.679063566380218
4.321335706356731
7.336635305790975
12.89276922868225
12.892635672845284
12.892622316389478
9.901062083334818
1.3366179423002293
4.552839269138021
4.345076913802176
15.457062084817233
1.7806353391826792
10.109426552454096
12.886833333333394
12.655333570620835
15.670765520833703
4.552833333926923
15.433570620981646
15.45706223173077
15.433570769147291
4.5586208334783835
7.10170620981638
12.886833926589185
12.89262231647064
15.670635672867666
15.670635664729554
4.345063446302609
4.321357062083335
1.086269230711269
15.670769228452837
12.679062083348175
12.89276922845284
4.321570765891827
4.321570622316471
15.455174327488754
7.336620834817308
12.655333570622316
7.099570635673072
1.0809269230767784
4.553426552454118
12.453974078855365
12.892587076898659
15.665426552083705
12.655357062084818
1.086135302120432
15.43333333570622
12.886833333339265
4.345062231730769
1.0455555495419961
12.887412083333334
4.55341353361569
1.774839265524541
12.892620981647298
1.08626913802174
9.877357063567308
9.877570635673072
4.321357062097839
10.114620833348164
10.114620978382645
7.101706208348165
15.670620981730712
4.321333339383881
12.892765557911824
4.321570622317285
14.918006602772873
4.553426922845075
7.099570620834697
6.660735776215782
12.8927655207817
4.321333333335707
15.457062083333335
1.0803333392655208
12.655570765520833
7.099333333333334
15.670620833333334
1.0542591746170422
15.433333570635671
12.655333333357078
10.108839269147296
4.552833333319863
4.558620833481639
9.87970620981638
1.0803926552083372
15.433357062083331
1.780620833348164
10.114620833334817
1.080333392692307
4.558769230767926
10.109412083348174
1.086269228450544
4.34506209816381
7.099333333335707
12.655570620833483
10.108460299852158
1.0862691380208334
9.877357062084817
4.321333333335708
1.7807655208333333
15.433333333570635
15.433570620833331
7.123062083333482
9.877333333333334
7.099333357062084
9.901062083333333
7.099333333333334
12.892620833333334
7.099333333357078
7.123062083348164
10.11476913802176
15.66483926913802
9.87733333333357
10.108833333333333
7.10170620981638
7.336635663803011
4.558765520833333
7.0993333335706215
12.655333335706208
7.122937646811093
12.657706208333334
7.0993357062083335
9.877333552836683
7.099333357062084
1.0861208334816381
4.321333333570765
4.558620833333333
1.3330359345843987
10.114769138947796
15.43333333357062
1.780620833348164
10.108833333339266
12.67906208481638
15.433570620833347
7.336634509257183
1.0861208333333334
9.877333333333336
4.3215242346014815
4.321333357062098
12.655333333335708
15.43333333333357
12.655570620848163
9.877357062083348
12.886833333333339
4.558620981638021
4.3213333333333335
1.0809120848163802
12.655333333333356
12.892635663803011
12.886839269228451
4.3213333333333335
9.877333333333334
15.433357062083479
7.099333333333334
7.173827149589672
4.3213551436180335
7.09933335656747
12.655333570620835
15.433333335706209
15.670620833333345
15.456773444024918
12.892620833348165
10.114769138020833
4.552839265520837
12.886833333392655
15.433333333333332
9.877333333333334
12.655333333333335
15.433333333333332
15.433333333357064
12.655333565412084
7.099333333333334
4.323513673794261
9.877568416735517
10.108833333333333
10.114620833333333
4.4525807638298165
4.5528339269228475
12.655333333357062
7.099333333333334
15.664839265557907
10.114620834816382
12.655333333333335
4.3213333333333335
9.877570620834817
9.87733333333357
7.101706208333335
12.655333333333335
12.117745009670347
4.3213333333333335
4.321335706208333
9.877570620833334
7.099333333333334
15.433333333333337
12.655333333333356
12.655333333333335
9.877333333333334
9.87970620833347
12.679062083333333
7.099333333333334
4.3213333333333335
7.099333333333334
7.099333333333334
12.655333333333335
4.323706208333333
4.3213333333333335
9.877333333353784
7.099333333333334
15.433333333326004
15.433333333333337
