37032
31010
77742
36283
31282
40051
34407
31715
33126
34193
49501
35778
27245
32579
36834
38931
39386
48440
43384
38647
32601
37817
39312
34523
38149
34647
35955
37608
31103
39877
31968
39709
35679
33626
29053
38997
37296
36323
34657
52478
26435
42518
32334
32522
35531
33274
34155
32097
30246
29724
35069
27465
27082
31996
34058
25964
26207
25587
37704
31382
34727
33934
28762
30030
34211
28800
29908
28137
27656
38953
27111
32015
32053
27409
32869
27145
25920
35716
35310
29563
29965
24177
27866
34551
31704
26752
55033
29957
32401
25463
25573
25647
24240
25646
31238
25763
27046
31869
27115
26740
26328
28385
25077
27578
25798
35368
22601
25952
22802
29485
26795
31480
24518
28154
39006
23919
23401
27347
24677
24972
24095
20549
25227
25531
29111
24051
24792
25386
29931
25753
26285
27110
20376
23472
22714
21442
24910
21968
25665
26911
25892
24776
21873
31733
23389
28371
26750
20360
24397
22110
23516
23554
21202
22940
20240
24480
21458
23878
24196
22857
27171
20397
23107
20667
23399
24684
24338
24314
22082
26302
23640
22903
19541
25123
20345
21100
21376
23473
20204
19075
26217
21619
22640
23254
21020
22735
19260
20628
21981
23798
22460
20955
21523
22565
19933
18237
19098
23052
20716
18702
22233
22894
23865
20693
20427
22793
23738
20853
21201
19175
21279
19353
20121
22221
21329
20652
18353
21159
18781
23091
20844
19182
17194
16174
20572
17434
20206
19865
18157
19770
20427
18975
20181
18430
17861
23338
18569
21391
18302
24197
17512
17600
19734
18872
22066
18248
18615
18470
19203
18520
17122
18833
17832
19147
20014
17499
20540
18957
20622
20808
19164
18530
18367
15829
18315
19742
18047
19828
17490
19466
16563
24956
18399
16015
17325
17278
20084
20096
18326
15743
19784
18801
18285
18668
15077
17558
18626
17891
17983
16356
17689
16458
16934
18213
16157
16934
16342
16427
18174
17261
16134
15465
17505
17208
14472
18103
17179
16430
15934
15534
16439
15426
17953
14997
15218
17514
19911
15405
16892
17658
15050
13234
16039
15985
15645
18301
16706
14802
14537
15612
16020
19168
16209
14739
15908
15521
14722
14676
15493
16190
15801
15006
14827
19142
15025
16300
14383
17750
15692
14870
14569
14635
15138
13260
16289
14519
15216
14326
15763
14965
14825
13840
16279
14397
17680
14075
13145
15086
16450
19155
14798
14876
15424
14297
15953
13566
13983
16252
14319
13180
14047
13084
12081
14559
14752
14441
12176
15023
15419
13471
13976
13992
14408
14254
13299
15484
13781
14563
17153
12791
14135
13361
13183
13388
14297
13520
15815
14410
14086
13958
15133
14419
14370
14522
13311
13548
13369
12985
13145
15546
12646
14074
14681
12944
13237
13845
13025
12860
13308
14172
13780
13758
13718
12903
12910
14301
13306
13847
12808
12819
13519
15405
12040
15055
12269
13734
12609
12378
13283
11323
13026
13588
12612
12664
12951
11726
12316
12367
13017
13089
12886
13363
12828
12474
12894
13137
12096
11993
11782
12146
12190
14308
13147
11444
12187
11495
11461
12886
11101
12438
13067
13077
12553
12819
12238
12097
12234
11137
12523
11383
12691
11608
11812
11507
10879
11555
12516
11679
12372
11342
