11.091481481481482
6.193518518518519
6.651296296296296
7.880185185185185
7.388888888888889
6.8587037037037035
7.158333333333333
5.8133333333333335
6.719814814814815
6.097407407407408
5.8096296296296295
5.581111111111111
5.102222222222222
5.010370370370371
6.557592592592592
5.470185185185185
6.083703703703704
5.473518518518518
5.897962962962963
5.085555555555556
4.152037037037037
4.450925925925926
6.031481481481482
4.4164814814814815
4.662962962962963
4.461296296296296
4.433148148148148
4.433518518518518
4.531851851851852
4.290555555555556
3.9055555555555554
3.9383333333333335
4.347037037037037
4.541111111111111
4.263148148148148
4.150185185185185
4.033518518518519
4.196666666666666
3.9251851851851853
4.148703703703704
5.134074074074074
3.624814814814815
3.511296296296296
3.6192592592592594
3.845
4.096481481481481
3.6035185185185186
3.6061111111111113
3.4316666666666666
3.872777777777778
3.5324074074074074
3.513333333333333
3.1875925925925928
3.5392592592592593
3.6487037037037036
3.623148148148148
3.091111111111111
3.622962962962963
3.4072222222222224
3.4338888888888888
3.6405555555555558
3.1101851851851854
2.882037037037037
3.2024074074074074
3.093888888888889
3.1544444444444446
2.655
2.7488888888888887
3.2151851851851854
2.686851851851852
2.8692592592592594
3.0353703703703703
2.761111111111111
2.936111111111111
2.8383333333333334
2.752037037037037
2.72537037037037
2.886851851851852
2.808333333333333
2.5833333333333335
2.767777777777778
2.72537037037037
2.7905555555555557
2.5885185185185184
2.745
2.973148148148148
3.0188888888888887
2.4766666666666666
2.3048148148148146
2.4803703703703706
2.434814814814815
2.3581481481481483
2.187777777777778
2.5137037037037038
2.450925925925926
2.352592592592593
2.2516666666666665
2.2622222222222224
2.4988888888888887
2.267777777777778
