-24278.0
-20297.0
-60541.0
-23937.0
-19346.0
-27545.0
-23221.0
-20034.0
-22115.0
-22300.0
-33631.0
-22760.0
-16532.0
-20978.0
-24528.0
-26453.0
-26351.0
-34010.0
-29675.0
-25771.0
-21594.0
-24830.0
-23994.0
-22447.0
-26416.0
-23673.0
-23336.0
-24904.0
-19873.0
-26638.0
-20589.0
-26462.0
-23602.0
-22412.0
-17702.0
-24570.0
-23827.0
-22975.0
-21926.0
-32861.0
-15426.0
-29331.0
-20254.0
-20962.0
-23093.0
-21602.0
-22375.0
-19615.0
-18860.0
-18450.0
-24281.0
-16920.0
-16352.0
-20611.0
-19790.0
-15380.0
-14112.0
-15028.0
-22932.0
-19698.0
-18832.0
-22444.0
-17331.0
-19039.0
-22387.0
-17358.0
-18131.0
-16629.0
-16446.0
-25661.0
-16077.0
-19874.0
-19937.0
-16429.0
-21700.0
-16752.0
-15064.0
-21852.0
-22198.0
-19127.0
-16459.0
-13989.0
-16582.0
-22216.0
-19781.0
-14669.0
-33437.0
-18533.0
-20545.0
-14139.0
-14882.0
-15436.0
-13864.0
-13732.0
-18919.0
-15300.0
-16851.0
-19715.0
-14682.0
-15904.0
-15912.0
-15504.0
-14556.0
-17126.0
-15389.0
-19689.0
-12662.0
-14880.0
-12012.0
-16811.0
-15936.0
-19329.0
-14412.0
-17113.0
-21699.0
-13358.0
-12811.0
-15804.0
-13813.0
-14146.0
-14019.0
-10983.0
-13512.0
-14417.0
-17369.0
-13686.0
-14325.0
-14055.0
-16615.0
-15424.0
-14257.0
-14031.0
-10251.0
-13458.0
-12067.0
-11654.0
-14358.0
-11671.0
-15783.0
-15338.0
-13882.0
-14400.0
-11866.0
-19388.0
-12506.0
-17063.0
-15083.0
-10850.0
-13496.0
-12740.0
-12688.0
-12648.0
-11666.0
-12629.0
-10493.0
-13895.0
-11187.0
-14364.0
-13907.0
-13167.0
-15045.0
-11312.0
-13032.0
-10790.0
-12924.0
-14044.0
-13991.0
-13271.0
-11371.0
-15240.0
-13152.0
-12586.0
-10166.0
-13492.0
-10893.0
-11266.0
-11871.0
-11595.0
-8945.0
-9974.0
-13414.0
-10133.0
-12288.0
-11031.0
-11070.0
-12505.0
-10597.0
-11362.0
-12036.0
-13635.0
-12202.0
-10641.0
-10982.0
-12593.0
-9363.0
-9465.0
-9373.0
-10568.0
-10456.0
-9271.0
-12125.0
-11792.0
-12948.0
-10786.0
-9242.0
-13090.0
-11782.0
-10185.0
-11571.0
-9456.0
-11173.0
-9748.0
-11008.0
-11530.0
-11061.0
-10530.0
-9333.0
-10645.0
-8349.0
-12708.0
-10898.0
-9565.0
-8082.0
-7646.0
-8892.0
-8264.0
-9528.0
-9882.0
-8714.0
-9707.0
-10898.0
-8892.0
-10043.0
-7822.0
-8153.0
-11496.0
-8877.0
-10697.0
-8228.0
-11789.0
-8487.0
-8402.0
-9666.0
-9280.0
-9978.0
-8324.0
-8549.0
-8903.0
-9346.0
-8252.0
-7558.0
-9758.0
-8498.0
-8377.0
-10280.0
-7814.0
-9715.0
-9089.0
-9702.0
-10011.0
-9498.0
-8449.0
-8263.0
-7171.0
-8522.0
-9724.0
-8760.0
-9621.0
-8142.0
-9523.0
-7764.0
-11787.0
-8821.0
-6891.0
-7675.0
-7726.0
-8401.0
-10221.0
-8775.0
-6021.0
-8072.0
-9599.0
-9392.0
-8119.0
-6435.0
-7659.0
-8527.0
-8122.0
-7761.0
-6889.0
-7364.0
-7345.0
-7704.0
-7850.0
-7250.0
-7350.0
-7544.0
-6587.0
-8077.0
-8347.0
-7482.0
-6805.0
-7404.0
-7930.0
-5870.0
-7248.0
-6939.0
-6671.0
-6356.0
-6631.0
-6731.0
-6209.0
-7161.0
-6808.0
-6723.0
-6678.0
-8228.0
-6219.0
-6726.0
-7936.0
-5946.0
-5169.0
-6840.0
-5781.0
-6455.0
-7709.0
-6793.0
-5838.0
-5854.0
-6222.0
-5995.0
-8408.0
-6930.0
-5835.0
-5828.0
-6263.0
-5860.0
-5673.0
-6729.0
-6874.0
-6397.0
-6466.0
-5494.0
-7601.0
-6241.0
-6720.0
-5742.0
-6454.0
-6508.0
-5424.0
-5773.0
-5637.0
-4708.0
-4789.0
-6019.0
-5817.0
-6080.0
-5525.0
-5650.0
-5471.0
-6120.0
-5559.0
-6185.0
-5607.0
-6000.0
-5065.0
-5110.0
-5956.0
-6455.0
-6806.0
-6246.0
-5449.0
-6501.0
-5551.0
-6024.0
-4763.0
-5537.0
-5519.0
-5299.0
-4925.0
-4816.0
-4760.0
-5034.0
-5817.0
-4744.0
-5313.0
-4576.0
-5642.0
-6118.0
-4633.0
-5096.0
-4858.0
-5214.0
-5076.0
-4956.0
-5480.0
-4988.0
-5099.0
-6100.0
-4375.0
-5077.0
-4887.0
-5238.0
-4873.0
-4369.0
-5214.0
-5931.0
-5345.0
-4836.0
-4834.0
-5293.0
-4717.0
-4859.0
-5528.0
-4961.0
-4381.0
-4775.0
-4377.0
-4572.0
-4707.0
-4525.0
-5044.0
-4828.0
-4331.0
-4256.0
-5040.0
-4803.0
-4926.0
-4629.0
-4922.0
-3747.0
-4628.0
-4553.0
-4137.0
-4586.0
-4608.0
-4703.0
-4459.0
-4455.0
-4229.0
-4072.0
-4457.0
-4034.0
-5258.0
-3540.0
-4676.0
-3927.0
-4076.0
-4192.0
-3485.0
-4092.0
-4198.0
-3900.0
-3489.0
-4640.0
-3834.0
-4189.0
-3933.0
-4144.0
-4504.0
-3712.0
-3977.0
-4030.0
-4498.0
-3930.0
-4188.0
-3801.0
-4102.0
-3688.0
-3622.0
-3658.0
-3929.0
-3478.0
-3543.0
-4182.0
-3298.0
-3754.0
-3893.0
-3680.0
-4102.0
-4443.0
-3643.0
-3923.0
-4072.0
-4159.0
-3566.0
-3842.0
-3360.0
-3635.0
-3213.0
-3746.0
-3023.0
-3328.0
-3616.0
-2854.0
-3505.0
-3198.0
-3259.0
-3438.0
-3382.0
