1.7807689301242948
1.086269138948317
7.33663530579327
7.336769228677175
1.7807692307692307
7.3366356647290445
7.336769230769231
10.109426923071183
1.7407851048280811
10.114765883479555
7.336769147295674
15.670769147295669
1.780765891807853
4.558635673071706
15.328200587127919
10.114765891617665
9.87970635664729
10.108892692232203
4.552892655579327
1.0862692307170598
10.114635673076924
15.665426922868239
15.45707692307692
4.558769147295543
15.31014325983897
7.336769147290457
10.114635302454321
7.336635305793268
12.887413567307169
12.67907655579327
15.457076922868225
1.7754269230769197
10.114765891826782
4.345076922868239
7.336769138020648
7.330891353391827
4.55876589182692
4.55876589182692
1.7754120981730772
1.7807692307691945
15.670635672794992
4.321357076913802
12.892769230767783
4.552892658918218
1.080392655579327
1.0861353391821131
12.89276923071132
1.0809269147295528
1.086265891618226
10.108839269230767
15.456542691380207
1.7806223163811352
10.10942655124466
10.11463567307678
15.435706353391822
9.877570620981729
1.0809265521204119
4.558769138020834
10.114765524541182
4.558622316380301
1.7807655245432692
1.780769138030108
1.7806208481638948
15.457076588264481
15.433570622316472
9.877357062231647
12.892635339182169
12.618359819317044
12.886833339265559
15.457076555790952
1.0803926922845053
9.877570620833483
9.877333333328682
15.435706356728451
9.342981222730307
7.099333333335707
4.323706208333482
7.336765557911823
15.457062098163885
4.321335706223164
4.321333333335707
15.457076552083333
4.345062083334817
7.099333335706208
12.655333333333335
4.321333333333335
7.101706208481639
4.3215706208333335
7.336620833481637
9.87970620848164
12.655333333333335
1.7398033479192248
4.3213333333333335
12.679062083333333
15.433333333333332
12.655333333333335
4.321335706208333
4.323706208334817
7.099333333333334
7.099333333333334
