-29065.0
-26003.0
-23824.0
-24649.0
-32979.0
-24594.0
-40713.0
-22684.0
-25487.0
-27750.0
-26499.0
-36760.0
-24462.0
-21706.0
-22404.0
-23754.0
-33211.0
-24890.0
-21073.0
-20652.0
-22616.0
-33368.0
-24258.0
-32535.0
-30985.0
-25527.0
-25987.0
-23492.0
-31730.0
-24255.0
-18586.0
-17941.0
-23131.0
-23154.0
-22175.0
-19713.0
-18038.0
-21708.0
-18450.0
-22097.0
-23793.0
-20425.0
-24513.0
-19701.0
-24383.0
-17613.0
-23008.0
-21430.0
-17133.0
-22953.0
-27397.0
-16855.0
-21846.0
-17524.0
-25090.0
-19981.0
-28557.0
-14159.0
-17994.0
-15569.0
-14904.0
-28931.0
-15223.0
-25648.0
-29289.0
-25966.0
-21056.0
-19899.0
-20480.0
-28523.0
-18130.0
-18927.0
-20336.0
-14188.0
-15674.0
-19079.0
-22633.0
-17937.0
-14303.0
-18153.0
-15682.0
-19549.0
-17330.0
-18235.0
-21563.0
-13507.0
-16499.0
-16499.0
-15986.0
-18923.0
-21678.0
-16231.0
-26557.0
-17729.0
-16621.0
-15758.0
-19730.0
-16011.0
-19878.0
-21748.0
-19278.0
-17302.0
-18476.0
-16685.0
-15778.0
-16856.0
-17558.0
-15521.0
-15149.0
-18495.0
-14283.0
-22895.0
-15685.0
-19719.0
-17229.0
-13581.0
-11607.0
-15333.0
-18428.0
-12810.0
-15054.0
-16580.0
-13379.0
-12338.0
-14289.0
-13564.0
-16043.0
-15925.0
-17487.0
-16093.0
-13266.0
-13756.0
-12989.0
-16379.0
-19350.0
-15354.0
-13315.0
-13162.0
-12995.0
-14519.0
-12676.0
-16505.0
-12196.0
-14459.0
-14949.0
-13919.0
-12447.0
-12225.0
-13254.0
-11470.0
-13141.0
-14226.0
-14673.0
-14683.0
-15123.0
-14733.0
-14140.0
-11928.0
-14888.0
-15313.0
-17313.0
-13311.0
-17145.0
-10705.0
-19277.0
-11359.0
-15142.0
-13060.0
-13983.0
-14903.0
-13257.0
-12331.0
-12961.0
-13382.0
-10233.0
-13350.0
-14881.0
-10119.0
-17845.0
-13869.0
-12746.0
-13089.0
-13277.0
-11959.0
-15008.0
-11945.0
-12944.0
-11912.0
-12264.0
-13806.0
-9100.0
-13232.0
-11249.0
-12390.0
-13035.0
-12013.0
-11956.0
-12222.0
-13881.0
-12089.0
-11453.0
-12901.0
-10991.0
-12824.0
-10856.0
-10508.0
-14144.0
-13721.0
-10693.0
-11521.0
-11860.0
-9835.0
-11641.0
-10262.0
-11739.0
-11823.0
-10932.0
-10607.0
-11476.0
-11821.0
-9801.0
-12432.0
-10311.0
-11108.0
-10654.0
-9191.0
-11612.0
-11425.0
-10353.0
-13964.0
-11307.0
-11306.0
-9384.0
-10953.0
-7759.0
-10458.0
-11601.0
-10156.0
-9841.0
-13328.0
-9544.0
-10595.0
-10599.0
-11080.0
-10302.0
-10946.0
-10431.0
-11652.0
-9067.0
-9026.0
-10639.0
-8456.0
-10403.0
-9868.0
-8840.0
-9489.0
-9153.0
-12253.0
-12504.0
-8712.0
-11006.0
-11457.0
-11401.0
-10139.0
-11686.0
-10060.0
-12357.0
-12712.0
-8919.0
-10497.0
-8991.0
-11584.0
-7607.0
-8654.0
-9485.0
-8245.0
-9293.0
-7853.0
-7955.0
-7738.0
-10751.0
-9928.0
-8237.0
-8611.0
-10167.0
-8838.0
-7265.0
-9281.0
-9096.0
-8478.0
-10583.0
-8593.0
-9195.0
-9997.0
-9638.0
-8989.0
-7735.0
-8485.0
-8729.0
-8659.0
-8318.0
-9888.0
-10034.0
-7719.0
-8732.0
-8380.0
-7729.0
-8273.0
-8158.0
-9204.0
-8241.0
-7929.0
-7243.0
-10014.0
-8067.0
-8445.0
-10024.0
-7563.0
-7867.0
-7903.0
-7541.0
-8342.0
-8085.0
-8584.0
-6487.0
-9296.0
-9722.0
-7436.0
-8643.0
-7761.0
-8263.0
-7074.0
-7964.0
-9048.0
-8628.0
-8899.0
-8380.0
-7178.0
-7453.0
-8977.0
-7646.0
-7797.0
-6751.0
-7137.0
-6900.0
-8400.0
-6932.0
-7883.0
-9086.0
-6608.0
-7029.0
-7185.0
-11561.0
-7816.0
-7429.0
-7497.0
-7425.0
-7361.0
-8606.0
-7435.0
-7131.0
-6629.0
-7447.0
-7180.0
-9311.0
-9265.0
-6997.0
-7496.0
-6966.0
-7476.0
-7400.0
-6799.0
-7255.0
-6374.0
-8161.0
-7453.0
-6441.0
-6879.0
-6400.0
-7285.0
-7238.0
-6689.0
-6553.0
-5799.0
-8506.0
-6464.0
-6094.0
-6167.0
-7085.0
-6883.0
-7418.0
-6175.0
-6716.0
-6302.0
-6463.0
-7634.0
-5958.0
-5566.0
-7149.0
-7059.0
-6737.0
-6225.0
-6663.0
-6860.0
-7580.0
-5223.0
-7442.0
-6418.0
-6826.0
-5504.0
-6260.0
-7329.0
-6440.0
-7227.0
-5756.0
-7172.0
-5842.0
-4880.0
-5746.0
-5986.0
-5572.0
-6365.0
-7133.0
-6016.0
-4906.0
-5426.0
-5573.0
-5954.0
-6996.0
-6669.0
-5336.0
-6340.0
-6141.0
-5204.0
-6708.0
-6017.0
-5793.0
-5597.0
-6488.0
-6382.0
-6426.0
-5628.0
-7252.0
-5081.0
-5443.0
-6622.0
-6051.0
-6115.0
-5881.0
-5789.0
-5554.0
-6735.0
-5282.0
-5209.0
-5927.0
-5631.0
-5009.0
-5668.0
-5905.0
-5758.0
-5788.0
-6045.0
-5440.0
-5617.0
-6152.0
-5277.0
-5164.0
-4983.0
-6027.0
-4598.0
-5159.0
-5413.0
-6321.0
-5492.0
-5562.0
-5379.0
-4828.0
-5103.0
-5108.0
-5804.0
-5698.0
-6312.0
-5628.0
-5467.0
-4756.0
-5760.0
-5376.0
-5452.0
-5100.0
-4907.0
-5375.0
-4969.0
-4992.0
-4647.0
-5800.0
-5023.0
-5254.0
-6120.0
-5567.0
-4807.0
