7.6829629629629625
7.107037037037037
6.75462962962963
6.803703703703704
8.54888888888889
7.190740740740741
9.947222222222223
6.514074074074074
7.122037037037037
7.4981481481481485
7.360185185185185
9.829629629629629
6.65537037037037
6.057592592592592
6.569814814814815
6.555370370370371
8.41925925925926
7.105185185185185
6.24037037037037
6.186296296296296
6.109629629629629
8.502962962962963
7.334074074074074
8.613888888888889
7.993333333333333
7.112222222222222
7.1251851851851855
6.560185185185185
8.337037037037037
6.817222222222222
5.4164814814814815
5.402962962962963
6.461296296296296
6.4511111111111115
6.257777777777778
6.591111111111111
5.3657407407407405
6.380740740740741
5.5942592592592595
6.695185185185185
6.736111111111111
5.9981481481481485
6.656666666666666
5.701481481481482
6.863888888888889
5.311851851851852
6.303888888888889
6.087962962962963
5.212037037037037
6.316666666666666
7.152777777777778
5.011296296296297
6.3314814814814815
5.416111111111111
7.960740740740741
5.761666666666667
8.703888888888889
4.562962962962963
5.564629629629629
4.88037037037037
5.29462962962963
7.854629629629629
4.855
6.992592592592593
7.982037037037037
6.861851851851852
5.893518518518518
5.843518518518518
6.1866666666666665
7.824814814814815
5.456851851851852
5.640370370370371
5.932037037037037
4.618333333333333
4.796111111111111
5.6812962962962965
6.364074074074074
5.331851851851852
4.5001851851851855
5.434444444444445
5.127222222222223
5.758148148148148
5.195185185185185
5.523703703703704
6.435
4.908518518518519
5.412222222222222
4.971481481481481
4.717037037037037
5.878333333333333
6.063518518518518
4.942592592592592
7.017222222222222
5.716851851851852
5.02
4.863888888888889
5.720370370370371
5.103888888888889
6.322962962962963
6.12074074074074
5.764444444444444
5.698518518518519
5.518518518518518
5.102592592592592
4.850185185185185
5.8005555555555555
5.206296296296296
4.913333333333333
4.849814814814815
6.235740740740741
4.539074074074074
6.615555555555556
4.941111111111111
5.825925925925926
5.741851851851852
4.390925925925926
4.027777777777778
4.892222222222222
5.635185185185185
4.339444444444444
4.795
4.788703703703704
4.377777777777778
4.3805555555555555
4.45962962962963
4.536666666666667
4.8533333333333335
5.008148148148148
5.818333333333333
4.9366666666666665
4.57
4.613518518518519
4.151666666666666
5.069629629629629
5.598148148148148
4.91537037037037
4.510740740740741
4.441666666666666
4.198703703703703
4.744259259259259
4.435925925925926
5.162407407407407
4.207037037037037
4.715
4.723703703703704
4.562777777777778
4.1305555555555555
4.168333333333333
4.373888888888889
3.923888888888889
4.485740740740741
4.70574074074074
4.726481481481481
4.651481481481482
4.786666666666667
4.61537037037037
4.311851851851852
4.059444444444445
4.562037037037037
4.980925925925926
5.569629629629629
4.429814814814815
5.071296296296296
4.054074074074074
5.438888888888889
3.9433333333333334
4.578888888888889
4.335
4.531666666666666
4.879444444444444
4.328333333333333
4.017407407407408
4.221666666666667
4.695925925925926
3.55
4.2716666666666665
4.553518518518518
3.803703703703704
5.742962962962963
4.485925925925926
4.5814814814814815
4.54425925925926
4.4222222222222225
4.156481481481482
4.7444444444444445
4.229444444444445
4.312222222222222
3.9788888888888887
4.143703703703704
4.41925925925926
3.5387037037037037
4.522407407407408
4.051481481481481
4.076296296296296
4.437407407407408
4.111111111111111
4.086666666666667
4.69
4.533333333333333
4.2790740740740745
4.052222222222222
4.374074074074074
3.8794444444444443
4.181666666666667
4.351111111111111
3.698703703703704
5.1177777777777775
4.619074074074074
3.6675925925925927
3.908703703703704
4.096851851851852
3.6331481481481482
3.8485185185185187
3.8872222222222224
4.060370370370371
3.852592592592593
3.9253703703703704
3.8444444444444446
4.050740740740741
4.098703703703704
3.6485185185185185
4.200555555555556
3.71
3.9994444444444444
4.048148148148148
3.395925925925926
4.288518518518519
3.959814814814815
3.6038888888888887
4.369814814814815
3.9275925925925925
4.099259259259259
3.5744444444444445
3.8594444444444442
3.122777777777778
4.062407407407408
4.102407407407408
3.726111111111111
3.678148148148148
4.538333333333333
3.66
3.8803703703703705
3.8785185185185185
3.9833333333333334
4.20037037037037
3.955
3.8894444444444445
4.12
3.4118518518518517
3.5281481481481483
3.819074074074074
3.2664814814814815
3.8053703703703703
3.8783333333333334
3.4142592592592593
3.638333333333333
3.728148148148148
4.127407407407407
4.408888888888889
3.3738888888888887
3.7753703703703705
4.061481481481482
4.0975925925925925
3.720925925925926
3.9055555555555554
3.697962962962963
4.153148148148148
4.355740740740741
3.4
3.7331481481481483
3.440185185185185
4.326666666666667
3.209814814814815
3.372037037037037
3.367777777777778
3.4085185185185187
3.653703703703704
3.1146296296296296
3.178148148148148
3.0716666666666668
4.12925925925926
3.6994444444444445
3.162777777777778
3.4044444444444446
3.70537037037037
3.4725925925925925
3.134074074074074
3.526666666666667
3.5405555555555557
3.2801851851851853
4.007962962962963
3.4294444444444445
3.5372222222222223
3.668148148148148
3.5077777777777777
3.437037037037037
3.1894444444444443
3.236851851851852
3.4053703703703704
3.317037037037037
3.330185185185185
3.560185185185185
3.7364814814814813
3.173703703703704
3.2875925925925924
3.5572222222222223
3.302962962962963
3.286111111111111
3.22537037037037
3.370925925925926
3.1642592592592593
3.3027777777777776
3.2842592592592594
3.665925925925926
3.2509259259259258
3.5594444444444444
4.185370370370371
3.0612962962962964
3.261111111111111
3.0705555555555555
3.0705555555555555
3.367962962962963
3.247037037037037
3.5933333333333333
2.8581481481481483
3.4316666666666666
3.7687037037037037
3.1683333333333334
3.343148148148148
3.08
3.424074074074074
3.0605555555555557
3.2344444444444442
3.4925925925925925
3.5535185185185183
3.3375925925925927
3.2325925925925927
3.0883333333333334
3.1018518518518516
3.413148148148148
3.2696296296296294
3.091111111111111
2.928888888888889
3.384259259259259
3.005
3.175925925925926
2.8246296296296296
3.618333333333333
3.447962962962963
3.035925925925926
2.975
2.995185185185185
4.514814814814815
3.241296296296296
3.2464814814814815
3.0964814814814816
3.154259259259259
3.0562962962962965
3.468888888888889
3.153703703703704
2.970925925925926
2.944074074074074
3.230185185185185
3.029074074074074
3.803148148148148
3.6772222222222224
2.9916666666666667
3.0657407407407407
3.399259259259259
3.440185185185185
3.022037037037037
2.912777777777778
2.9607407407407407
2.6996296296296296
3.2094444444444443
3.2312962962962963
2.944259259259259
3.2316666666666665
2.905
3.1255555555555556
3.1333333333333333
2.828333333333333
2.692222222222222
2.7731481481481484
3.470740740740741
2.872592592592593
2.8161111111111112
2.879259259259259
3.1103703703703705
2.9583333333333335
2.9522222222222223
2.7998148148148148
2.927962962962963
2.782962962962963
2.892037037037037
3.6603703703703703
2.731851851851852
2.7781481481481483
3.385
2.9077777777777776
3.1424074074074073
2.8514814814814815
2.8933333333333335
2.9612962962962963
3.4257407407407405
2.6825925925925924
3.292037037037037
2.922222222222222
3.175925925925926
2.7127777777777777
2.8851851851851853
3.120925925925926
2.9774074074074073
3.2151851851851854
2.5003703703703706
3.127962962962963
2.693888888888889
2.3925925925925924
2.6685185185185185
2.9894444444444446
2.6101851851851854
2.7842592592592594
3.26
2.747037037037037
2.532962962962963
2.6838888888888888
2.7174074074074075
2.638888888888889
2.9433333333333334
3.0590740740740743
2.734074074074074
2.8444444444444446
2.821111111111111
2.611111111111111
2.866111111111111
2.9166666666666665
2.6664814814814815
2.7801851851851853
2.800925925925926
2.7453703703703702
2.9385185185185185
3.0012962962962964
3.0368518518518517
2.7487037037037036
2.6646296296296295
3.0551851851851852
2.778888888888889
2.941851851851852
2.7994444444444446
2.8074074074074074
2.842037037037037
2.973148148148148
2.626851851851852
2.804074074074074
2.7414814814814816
2.66
2.5211111111111113
2.677037037037037
2.778888888888889
2.5887037037037035
2.850740740740741
2.8055555555555554
2.613148148148148
2.6924074074074076
3.082962962962963
2.7103703703703705
2.5844444444444443
2.5353703703703703
2.7377777777777776
2.5548148148148146
2.5335185185185187
2.854814814814815
3.0214814814814814
2.765925925925926
2.68962962962963
2.618888888888889
2.3575925925925927
2.687777777777778
2.6144444444444446
2.776111111111111
2.746111111111111
2.915185185185185
2.727777777777778
2.6464814814814814
2.5103703703703704
2.7983333333333333
2.6055555555555556
2.6574074074074074
2.7307407407407407
2.438888888888889
2.6837037037037037
2.6494444444444443
2.6748148148148148
2.4451851851851854
2.743333333333333
2.522407407407407
2.622962962962963
2.9138888888888888
2.6074074074074076
2.3574074074074076
