7.585965768257935
1.7754269230769233
12.6790635664729
12.67907691381136
7.3366353391826795
12.892769147290457
15.457076923071185
7.33676552454327
12.59752521648041
10.114635664729567
12.89276914729553
4.558769228473708
4.5587692231621775
12.887426923076793
9.884517525695156
7.331426922868239
10.114769228682393
10.114769228664167
1.0862692307679265
1.7754269230767783
1.086269147086989
9.901076589182692
12.655570769147296
7.336769147290457
15.316433423706702
4.55863567307678
15.67063533918269
12.892769230769199
4.345076914729554
4.553426923076923
15.670765891826921
4.553426922868239
10.11476923076923
10.114635663892745
10.114635672867049
7.123076923076923
12.679076555709795
7.336635673071706
15.670765521204322
1.7807692307679264
15.670635673076651
15.664892655579326
4.3450769230767925
1.0862692307118298
12.892635673076924
10.109426923071691
10.11476923076923
15.670765891826921
4.558769228682261
1.780635673076923
1.0862658918211268
1.7806223173071707
4.558635336138574
12.892769147295672
1.0862692307170598
7.122542692307692
7.330892692307119
7.336769228682388
15.67076923076923
7.123076914729568
7.336635673071706
15.664839269230765
1.0862692286823918
12.892769230769229
4.553426923076794
1.0862692286823918
1.0862691470661208
12.639108123825748
1.0862658916182393
4.553413566389275
4.55342692307692
12.89276589182692
10.114635301237751
12.65770769230717
1.7628204032963963
4.558635664729046
1.0862692307170598
1.7748926914729566
1.0862692232320066
15.457076922847369
15.457076914729555
4.553413567307679
15.457063533834589
12.887412083334818
4.558769230767926
1.7807691389483176
9.901076589161772
1.780769147295673
1.780622283918212
10.114769230769195
10.114769147290456
9.865581620457265
10.114765891826778
4.558635338264478
12.887413566472906
7.331426923071706
4.558635673076919
12.679062231638948
1.7806223173076923
12.679076588347957
15.670622317286824
10.10942692307692
1.780769138030103
1.7807692284505439
7.336769230767781
7.336769138925357
12.679062084816474
10.108833339269149
1.7806223164729567
1.7806356730767927
7.123063566470864
1.086122283834566
4.558769228473187
1.780635302454327
7.123076922867665
14.182572077121986
4.5587691470869895
1.08626589182692
15.670769228473187
15.670765891826921
1.086269230711269
1.0803391356647087
15.45706356730717
4.3450620978391825
12.8927691380299
7.330892692307169
1.7754135673076923
12.678483926923072
1.7807658918269234
10.114769230767926
4.553426922868239
4.344542692286766
15.670635673071706
10.114769138948304
15.456483391223173
4.558765891826779
1.080926923076923
7.3366356730711315
4.553426922845285
1.0862692307169435
1.7807655579321184
4.344541209817287
1.7806356730767923
4.553413533916182
15.670620833334784
4.558769147295673
4.218598442129699
1.0862692307118424
15.670769228450519
7.336769228682249
1.0862692286771747
10.114769230767923
10.114622283916182
4.323707692307119
15.670635672868196
12.617170902451807
4.323706356728474
12.886839269230768
7.159815184416421
10.114635664728993
10.114769230711843
15.435706356647296
7.099570769147296
12.886892692307692
12.892769147289934
15.670769228682389
9.900489120848166
4.553412083334818
7.331426589182679
12.679076922868227
15.457076914708699
1.0862658918217059
1.7754135672845284
15.670769147295669
4.558769138113582
4.553426589182678
4.558769147086976
12.892769230769195
10.114769230711829
10.114769228682393
12.657648926589184
15.457076923071707
15.670765524543265
4.558769147086976
9.900541209817288
1.0862692307692308
15.457076922320914
1.774892692307692
10.11476914729567
12.887413533918272
7.101706353057932
9.879707691472957
15.457076914729566
7.123062097838265
7.123062231728683
7.123076923076923
7.336769147295669
15.66542692307678
12.124470507886254
4.345076914728994
15.670285835596223
4.558769228452839
1.780635673071706
4.462315831035629
4.553426589182169
15.45707692307692
4.553426589161824
1.0862692307118296
10.114769228682261
1.0861356730711844
7.330839135663894
10.114769138927397
1.086269147290456
9.901062231638113
1.0862692307692299
4.558769230711263
15.457062097839184
1.7754265557932114
7.336769230711269
1.0861356638947743
7.099335707655579
1.775426923071132
10.114769138113582
10.114283955539852
9.877333570635665
4.558765520870432
9.879707692286825
15.331888719831033
1.0809135664728995
10.114769230711321
15.433357076922869
15.457063566380219
4.5528339265557936
1.0861223173076775
15.664892655579326
12.887426589182677
12.657654269228683
7.336620981638949
12.887413566472958
12.892635339159739
15.665426914729569
12.651718663412467
12.678541223172868
12.88683392691471
9.877333570635674
12.892620847839183
7.348516571161372
10.109425825677764
12.655357062231648
15.435707658916176
0.8210430081518141
15.670765521204327
4.323707692307692
10.114769228473694
7.1017076922868245
10.10941356730768
7.330892655208333
4.358453642937579
4.552839265891597
1.7807692284528396
1.780765891821693
1.0809135673071186
10.11463567286824
9.900483392655207
10.114765882642747
7.330839265891617
7.10170769117885
4.5586353383479565
15.433570622316472
7.122483926922845
9.87757062231638
12.886833926552455
12.892769228450755
7.336765524541183
15.67076913802083
7.099357076589183
15.67076923071184
7.336620848163804
4.345076922868225
12.678542658918213
1.086269230711269
1.0861209817284507
9.344509010393972
12.655333357076923
10.114769230711321
4.558635663802083
1.7807655208704098
7.101706356730712
15.433335654269149
15.45706223163811
12.89262083481638
15.670769230767922
9.877357076552453
1.0862658918211268
15.664839269228679
1.0809269228450753
12.892769147289934
1.0862573035059047
7.336635663803011
7.099335707655579
12.657707691472904
9.877333357062083
4.321357076922867
7.336622283918217
10.11476923076923
7.12307655579327
15.670635673071132
12.892635664729045
9.900542691381137
1.7807658918269234
4.345062083333482
1.0862691472955426
12.892635664728989
10.11462083348164
12.892769228450524
10.114635663802094
15.670765882552171
7.099357076923072
10.108833339269228
12.67906208348173
4.321570635663894
4.321333333570621
1.0862655245432111
15.670622317307693
15.457063533918268
10.10883926552454
10.114620834783826
15.457062083348172
7.123063566472899
9.877570769138021
9.877333357076914
12.657706208334817
12.65533333570621
4.3450620712157555
4.553426913802083
12.679062231638948
4.558635663811353
7.331426589159506
7.099570765882644
1.780635663803011
12.034838559366177
7.122489135664731
10.109426922845076
15.670635664708641
4.323706208481728
12.679062098163802
12.655335706208335
4.552839265883479
10.10883333333927
15.433333357062082
1.774833333392659
12.678541208333348
10.114769228450545
15.66483926555793
7.101707658918211
15.43570769138106
4.55289265520837
12.679062083333333
1.0861356638113524
1.3877487560204855
12.679076923071126
4.3213333333333335
12.65770635672845
4.321333357062083
10.114769147289877
12.657707658916184
9.877335707655211
4.552833913530209
1.0861208333333483
10.114622316389477
4.3215707658834805
12.892622283825522
12.657706208333334
4.321570620833334
12.65533570635664
9.877570769230712
12.67906356730712
7.331426589159506
4.32135706356638
15.433333333357064
15.43570620834817
15.433333570620835
1.086265520837043
7.3366356638020935
1.7806208348163803
9.877357076922845
1.0862691472898764
9.877357076922868
9.877333333333334
12.892769138021759
7.099333333333334
12.655335707692306
7.099333333333357
1.0809265557909509
9.90106356638106
7.122541208333334
15.670769228682389
15.670769230711262
12.655333570635666
1.0861208334817307
4.3215707691381136
15.670620833333334
4.321564892691473
15.43333335706223
7.099333333333334
12.892620833333334
7.099333333333334
7.099333333335707
12.639797996752822
0.8148085765516402
4.344483333333334
7.099570765520833
9.877333357062085
9.877333333357061
1.7748926555790951
9.877570635663803
15.670620833333334
15.668908132444784
9.877333335706208
4.3213333333333335
1.761334411598335
1.7806223163803012
15.433333335706209
4.3213333333333335
12.655333333357078
7.099335707655209
7.099357062096949
9.659057455568647
12.655333333333356
15.433333570635671
1.7806208334817284
3.8314460807087927
15.433333333333332
9.901062096989325
9.901062083333333
12.655335706208334
9.877333333333334
1.0803333333339267
12.655333333333335
7.099333333357062
15.43565426922845
15.433333357062082
12.655570620833334
10.108833333926551
7.172392850477951
4.321333330393555
9.877333333570622
12.679062083333333
9.877333333333334
12.655333570620835
1.761512739170454
9.901062083333333
9.877333333570622
9.877333333333358
9.877335706208333
7.099570620833349
12.657706208334817
15.433333333335707
12.655333333333335
4.3213333333333575
9.901062083333482
15.433333333333332
12.655333570620835
7.099333333357062
9.877357062084815
9.879706208333335
4.3213333333335715
7.0993570620833335
7.099333333333334
4.3213333333335715
15.433333357062082
15.433333333333332
4.553426552083334
10.108833333333333
4.3213333333333335
12.655333333333335
7.099333335706208
12.655335706208334
15.457062083333335
7.099333333333334
6.945925050360067
12.655333333333335
4.3213333333333335
9.877333333333334
7.099333333357062
12.655333333333335
15.433333333333332
7.336765520833675
9.877333333333334
9.877333333333334
9.877333333333334
9.877333333333334
4.321333333335707
12.655333333333335
9.877333333333334
4.3213333333333335
15.433333333333332
12.655333333333335
4.3213333333333335
15.433333333333332
