41488
38378
36475
36740
46164
38830
53715
35176
38459
40490
39745
53080
35939
32711
35477
35399
45464
38368
33698
33406
32992
45916
39604
46515
43164
38406
38476
35425
45020
36813
29249
29176
34891
34836
33792
35592
28975
34456
30209
36154
36375
32390
35946
30788
37065
28684
34041
32875
28145
34110
38625
27061
34190
29247
42988
31113
47001
24640
30049
26354
28591
42415
26217
37760
43103
37054
31825
31555
33408
42254
29467
30458
32033
24939
25899
30679
34366
28792
24301
29346
27687
31094
28054
29828
34749
26506
29226
26846
25472
31743
32743
26690
37893
30871
27108
26265
30890
27561
34144
33052
31128
30772
29800
27554
26191
31323
28114
26532
26189
33673
24511
35724
26682
31460
31006
23711
21750
26418
30430
23433
25893
25859
23640
23655
24082
24498
26208
27044
31419
26658
24678
24913
22419
27376
30230
26543
24358
23985
22673
25619
23954
27877
22718
25461
25508
24639
22305
22509
23619
21189
24223
25411
25523
25118
25848
24923
23284
21921
24635
26897
30076
23921
27385
21892
29370
21294
24726
23409
24471
26349
23373
21694
22797
25358
19170
23067
24589
20540
31012
24224
24740
24539
23880
22445
25620
22839
23286
21486
22376
23864
19109
24421
21878
22012
23962
22200
22068
25326
24480
23107
21882
23620
20949
22581
23496
19973
27636
24943
19805
21107
22123
19619
20782
20991
21926
20804
21197
20760
21874
22133
19702
22683
20034
21597
21860
18338
23158
21383
19461
23597
21209
22136
19302
20841
16863
21937
22153
20121
19862
24507
19764
20954
20944
21510
22682
21357
21003
22248
18424
19052
20623
17639
20549
20943
18437
19647
20132
22288
23808
18219
20387
21932
22127
20093
21090
19969
22427
23521
18360
20159
18577
23364
17333
18209
18186
18406
19730
16819
17162
16587
22298
19977
17079
18384
20009
18752
16924
19044
19119
17713
21643
18519
19101
19808
18942
18560
17223
17479
18389
17912
17983
19225
20177
17138
17753
19209
17836
17745
17417
18203
17087
17835
17735
19796
17555
19221
22601
16531
17610
16581
16581
18187
17534
19404
15434
18531
20351
17109
18053
16632
18490
16527
17466
18860
19189
18023
17456
16677
16750
18431
17656
16692
15816
18275
16227
17150
15253
19539
18619
16394
16065
16174
24380
17503
17531
16721
17033
16504
18732
17030
16043
15898
17443
16357
20537
19857
16155
16555
18356
18577
16319
15729
15988
14578
17331
17449
15899
17451
15687
16878
16920
15273
14538
14975
18742
15512
15207
15548
16796
15975
15942
15119
15811
15028
15617
19766
14752
15002
18279
15702
16969
15398
15624
15991
18499
14486
17777
15780
17150
14649
15580
16853
16078
17362
13502
16891
14547
12920
14410
16143
14095
15035
17604
14834
13678
14493
14674
14250
15894
16519
14764
15360
15234
14100
15477
15750
14399
15013
15125
14825
15868
16207
16399
14843
14389
16498
15006
15886
15117
15160
15347
16055
14185
15142
14804
14364
13614
14456
15006
13979
15394
15150
14111
14539
16648
14636
13956
13691
14784
13796
13681
15416
16316
14936
14524
14142
12731
14514
14118
14991
14829
15742
14730
14291
13556
15111
14070
14350
14746
13170
14492
14307
14444
13204
14814
13621
14164
15735
14080
12730
