78993
51249
82903
106267
45501
96824
58165
55658
44637
57014
44305
49384
63916
47156
42650
46342
51374
140483
48456
182165
78418
41870
64194
72181
45999
44208
44919
39478
51520
32317
27050
51136
30956
60666
55216
25599
34060
34500
95873
103757
29711
36349
32228
37450
37363
42982
37755
60393
43579
34527
32165
37955
31259
36426
64963
51685
39091
27381
47106
37267
44644
28104
33734
25076
34680
32326
44215
26417
23509
22572
33150
29350
46703
58219
26668
30200
43770
32432
43617
24522
43546
28742
25595
30245
22859
22674
34307
30274
20997
28358
27860
28224
32916
44873
24950
19843
26703
28273
40434
25072
22796
91048
37880
24114
40003
51298
29662
30433
32150
18457
20200
35861
34908
25537
37331
22384
31076
28985
26143
22316
24859
21147
31134
24391
29114
31510
20549
33293
26351
27115
22924
35930
23377
20375
23704
22187
24165
27327
26760
20539
26065
21370
21101
27260
18040
21414
21848
20892
21452
19289
28335
18984
24963
20958
25560
21255
18454
21383
20449
22749
37208
24898
21889
26168
25406
19899
23622
19509
19234
17475
21903
21605
21136
27675
25577
19172
16483
25986
26352
19607
21100
20776
24013
28382
16974
19624
16260
20054
20400
23698
17626
19294
19228
15884
19126
17693
20847
18634
19652
19840
20242
20450
16282
19336
24622
18537
26035
17839
17625
17733
21066
24767
16737
18851
15810
17026
15758
17796
16696
15181
20694
19061
16861
19281
20795
17738
15758
16392
18295
17273
18209
16520
16133
22131
17030
13728
16244
17916
16910
17005
17550
14774
15922
15760
16616
16231
15482
18640
14346
17675
15177
15203
18823
17082
15452
15189
15784
16474
16468
13901
13647
17857
16682
18432
15368
15420
15704
13346
17489
12791
15489
16356
16100
14497
14169
16120
15434
16044
14856
15674
15562
14735
13293
13553
18854
14790
15310
16327
13663
18951
14852
13450
13213
15273
14148
14672
13504
16522
14215
14172
14529
14906
15497
13634
15026
13640
18017
13349
13747
13439
14060
14980
14699
14743
12818
15243
14771
13823
15636
13090
14242
13158
13672
12597
15202
13019
12281
14368
13200
12497
12097
12281
11801
12330
12681
12256
12163
11874
12153
11050
12590
12861
13767
14961
11016
12109
13611
12836
13222
12141
13383
12029
12576
12308
12331
10938
12639
13236
13645
11829
11872
11609
11758
12087
14238
10909
12714
12543
12199
13575
12070
10956
12757
12144
11475
10859
11509
16028
11190
11610
11717
11777
12038
11978
11387
11295
11241
10276
11178
9973
10828
10622
10868
11245
10087
12645
10268
11665
13587
11146
9823
11447
11203
12096
10871
10652
10346
10002
9859
11173
13492
11125
11699
10112
10655
9953
12046
10486
9849
12517
10337
11418
12021
9456
12136
9783
11785
10827
10543
9338
11258
10165
10188
10256
10109
10649
10485
9579
9401
9570
11439
11137
9460
11199
10405
10335
11060
10449
9915
12545
10164
10538
8920
10734
8922
9176
9988
9120
9968
8607
9644
9248
8593
8212
10943
8637
9571
11242
9406
8061
9198
11339
10833
9114
8160
8763
10566
9074
9074
8913
8806
8312
7910
9385
8940
9233
7484
9770
8957
8403
7892
9423
9467
9582
8931
9068
9380
8778
9510
8126
