-57188.0
-37599.0
-57381.0
-80122.0
-32110.0
-74538.0
-41807.0
-39404.0
-33073.0
-41523.0
-31985.0
-36158.0
-49837.0
-33063.0
-28465.0
-33150.0
-38214.0
-109720.0
-35163.0
-135711.0
-60076.0
-30454.0
-41638.0
-52943.0
-33082.0
-31031.0
-32043.0
-27861.0
-38006.0
-22037.0
-17877.0
-38991.0
-21139.0
-45064.0
-39606.0
-16095.0
-22604.0
-23797.0
-72786.0
-76744.0
-20098.0
-25386.0
-22049.0
-25118.0
-25672.0
-29248.0
-26145.0
-45201.0
-29212.0
-23676.0
-22149.0
-26560.0
-20757.0
-24870.0
-41741.0
-38430.0
-24821.0
-18257.0
-34308.0
-26447.0
-27981.0
-17992.0
-23506.0
-16346.0
-23130.0
-21782.0
-31809.0
-17616.0
-15632.0
-13698.0
-22481.0
-20061.0
-34063.0
-41606.0
-18044.0
-21046.0
-31071.0
-21207.0
-31859.0
-15663.0
-29557.0
-18981.0
-15975.0
-19467.0
-13862.0
-13092.0
-21452.0
-21128.0
-12863.0
-19202.0
-18587.0
-18287.0
-22989.0
-28184.0
-15942.0
-11659.0
-17035.0
-18094.0
-27423.0
-16439.0
-14370.0
-64726.0
-27085.0
-15070.0
-27472.0
-34769.0
-19823.0
-20568.0
-21201.0
-9835.0
-12222.0
-24741.0
-23828.0
-16714.0
-21913.0
-14319.0
-18988.0
-18343.0
-17386.0
-13654.0
-15105.0
-13035.0
-20644.0
-14557.0
-19164.0
-21400.0
-11856.0
-22582.0
-15582.0
-17660.0
-14567.0
-22848.0
-14166.0
-13142.0
-15258.0
-13823.0
-15713.0
-18101.0
-17054.0
-12352.0
-15714.0
-12659.0
-12874.0
-17436.0
-9887.0
-13165.0
-13605.0
-12790.0
-13268.0
-11479.0
-19519.0
-10844.0
-16002.0
-12468.0
-16586.0
-13041.0
-10477.0
-13324.0
-12349.0
-13740.0
-23402.0
-14481.0
-14166.0
-16323.0
-16271.0
-11927.0
-14340.0
-11239.0
-11032.0
-10020.0
-13459.0
-13370.0
-12865.0
-15546.0
-15465.0
-10756.0
-8893.0
-15905.0
-15267.0
-11410.0
-11716.0
-11830.0
-14865.0
-15607.0
-9858.0
-11616.0
-9007.0
-11680.0
-12675.0
-15085.0
-10114.0
-12085.0
-10796.0
-8944.0
-11068.0
-9589.0
-12683.0
-9853.0
-11227.0
-12136.0
-12470.0
-12122.0
-8531.0
-10996.0
-14818.0
-10517.0
-15451.0
-10176.0
-9348.0
-10447.0
-12524.0
-15114.0
-8978.0
-10895.0
-8251.0
-9062.0
-8824.0
-9976.0
-8808.0
-8303.0
-12488.0
-11057.0
-9356.0
-11298.0
-10558.0
-10549.0
-8006.0
-9119.0
-10417.0
-9769.0
-10047.0
-8872.0
-8272.0
-13452.0
-9285.0
-7180.0
-8618.0
-9491.0
-8958.0
-9523.0
-9717.0
-7849.0
-8079.0
-8731.0
-7964.0
-8808.0
-8615.0
-11022.0
-7323.0
-9754.0
-8186.0
-7853.0
-10185.0
-9305.0
-8268.0
-7917.0
-7765.0
-8861.0
-8472.0
-6545.0
-7084.0
-9803.0
-9209.0
-10877.0
-7630.0
-8374.0
-7901.0
-6495.0
-9732.0
-6067.0
-7945.0
-8132.0
-8386.0
-7198.0
-7293.0
-8107.0
-7307.0
-9143.0
-7240.0
-7719.0
-7598.0
-7361.0
-6960.0
-6257.0
-10567.0
-7847.0
-7544.0
-8628.0
-6529.0
-11696.0
-7636.0
-6534.0
-6241.0
-7899.0
-7060.0
-7315.0
-6852.0
-8991.0
-6789.0
-7052.0
-7115.0
-7868.0
-8041.0
-6594.0
-7999.0
-5930.0
-8375.0
-6531.0
-6516.0
-6580.0
-7330.0
-7523.0
-6672.0
-7266.0
-5837.0
-6781.0
-6925.0
-6463.0
-8312.0
-5887.0
-7728.0
-6624.0
-6625.0
-6024.0
-8044.0
-6339.0
-6318.0
-7042.0
-6841.0
-6179.0
-5842.0
-5608.0
-5516.0
-5396.0
-5699.0
-5172.0
-5773.0
-5563.0
-5780.0
-5156.0
-6131.0
-6293.0
-6330.0
-6499.0
-4908.0
-5727.0
-6139.0
-4953.0
-6375.0
-5162.0
-6028.0
-5481.0
-5593.0
-5680.0
-4828.0
-4586.0
-5559.0
-6139.0
-6160.0
-5487.0
-5106.0
-5236.0
-5470.0
-5919.0
-5624.0
-4865.0
-6080.0
-5550.0
-5136.0
-5794.0
-5001.0
-4371.0
-5545.0
-5352.0
-4691.0
-5088.0
-4443.0
-7493.0
-4774.0
-4906.0
-5020.0
-5061.0
-5516.0
-5221.0
-4550.0
-5142.0
-4521.0
-4000.0
-5431.0
-4111.0
-4659.0
-4470.0
-4726.0
-4885.0
-4168.0
-4673.0
-4392.0
-4432.0
-5635.0
-4762.0
-3808.0
-4759.0
-4555.0
-5644.0
-3903.0
-4280.0
-4082.0
-4089.0
-3761.0
-4744.0
-5191.0
-4833.0
-5082.0
-3925.0
-4268.0
-4056.0
-5201.0
-4214.0
-3803.0
-4668.0
-4223.0
-4940.0
-4319.0
-4098.0
-5925.0
-3857.0
-4558.0
-4710.0
-4556.0
-3292.0
-4151.0
-4223.0
-4505.0
-3987.0
-4298.0
-4262.0
-4312.0
-3639.0
-3855.0
-3881.0
-4438.0
-3505.0
-3873.0
-3663.0
-4106.0
-3952.0
-3823.0
-3844.0
-3667.0
-5659.0
-3957.0
-4003.0
-3588.0
-3947.0
-3396.0
-3533.0
-3823.0
-3503.0
-3402.0
-3266.0
-3505.0
-3335.0
-3245.0
-2677.0
-3873.0
-3277.0
-3288.0
-4475.0
-3545.0
-2842.0
-3503.0
-3958.0
-3639.0
-3502.0
-2840.0
-3201.0
-3783.0
-3458.0
-3118.0
-3395.0
-3309.0
-2799.0
-3004.0
-3304.0
-3083.0
-3368.0
-2694.0
-3570.0
-2833.0
-3088.0
-2867.0
-3146.0
-3669.0
-3264.0
-3239.0
-3052.0
-3169.0
-3374.0
-3598.0
-2566.0
