14.628333333333334
9.490555555555556
15.352407407407407
19.679074074074073
8.426111111111112
17.93037037037037
10.771296296296295
10.307037037037038
8.266111111111112
10.558148148148149
8.204629629629629
9.145185185185186
11.836296296296297
8.732592592592592
7.898148148148148
8.581851851851852
9.513703703703703
26.01537037037037
8.973333333333333
33.73425925925926
14.521851851851851
7.753703703703704
11.887777777777778
13.366851851851852
8.518333333333333
8.186666666666667
8.318333333333333
7.310740740740741
9.540740740740741
5.984629629629629
5.0092592592592595
9.46962962962963
5.732592592592592
11.234444444444444
10.225185185185186
4.740555555555556
6.307407407407408
6.388888888888889
17.75425925925926
19.214259259259258
5.502037037037037
6.731296296296296
5.968148148148148
6.935185185185185
6.919074074074074
7.95962962962963
6.991666666666666
11.18388888888889
8.070185185185185
6.393888888888889
5.9564814814814815
7.0287037037037035
5.788703703703704
6.745555555555556
12.030185185185186
9.571296296296296
7.239074074074074
5.070555555555556
8.723333333333333
6.901296296296296
8.267407407407408
5.204444444444444
6.247037037037037
4.643703703703704
6.4222222222222225
5.986296296296296
8.187962962962963
4.892037037037037
4.353518518518518
4.18
6.138888888888889
5.435185185185185
8.648703703703704
10.781296296296297
4.938518518518518
5.592592592592593
8.105555555555556
6.005925925925926
8.077222222222222
4.541111111111111
8.064074074074075
5.322592592592593
4.739814814814815
5.600925925925926
4.233148148148148
4.198888888888889
6.353148148148148
5.606296296296296
3.888333333333333
5.251481481481481
5.159259259259259
5.226666666666667
6.095555555555555
8.309814814814814
4.62037037037037
3.6746296296296297
4.945
5.235740740740741
7.487777777777778
4.642962962962963
4.221481481481481
16.86074074074074
7.014814814814815
4.4655555555555555
7.407962962962963
9.499629629629629
5.492962962962963
5.635740740740741
5.953703703703703
3.417962962962963
3.740740740740741
6.640925925925926
6.464444444444444
4.729074074074074
6.9131481481481485
4.145185185185185
5.754814814814814
5.367592592592593
4.841296296296297
4.132592592592593
4.603518518518518
3.9161111111111113
5.765555555555555
4.516851851851852
5.391481481481481
5.8351851851851855
3.8053703703703703
6.16537037037037
4.879814814814814
5.021296296296296
4.245185185185186
6.6537037037037035
4.329074074074074
3.7731481481481484
4.3896296296296295
4.1087037037037035
4.475
5.060555555555555
4.955555555555556
3.8035185185185183
4.826851851851852
3.9574074074074073
3.9075925925925925
5.048148148148148
3.3407407407407406
3.9655555555555555
4.045925925925926
3.868888888888889
3.9725925925925925
3.572037037037037
5.247222222222222
3.5155555555555558
4.622777777777777
3.881111111111111
4.733333333333333
3.936111111111111
3.4174074074074072
3.959814814814815
3.7868518518518517
4.212777777777778
6.890370370370371
4.610740740740741
4.053518518518518
4.8459259259259255
4.704814814814815
3.685
4.374444444444444
3.6127777777777776
3.561851851851852
3.236111111111111
4.056111111111111
4.000925925925926
3.9140740740740743
5.125
4.736481481481482
3.5503703703703704
3.0524074074074075
4.812222222222222
4.88
3.630925925925926
3.9074074074074074
3.8474074074074074
4.446851851851852
5.255925925925926
3.1433333333333335
3.634074074074074
3.011111111111111
3.7137037037037035
3.7777777777777777
4.388518518518518
3.264074074074074
3.572962962962963
3.5607407407407408
2.9414814814814814
3.541851851851852
3.2764814814814813
3.8605555555555555
3.450740740740741
3.6392592592592594
3.674074074074074
3.7485185185185186
3.787037037037037
3.015185185185185
3.580740740740741
4.5596296296296295
3.432777777777778
4.821296296296296
3.3035185185185183
3.263888888888889
3.283888888888889
3.901111111111111
4.586481481481481
3.0994444444444444
3.490925925925926
2.9277777777777776
3.1529629629629627
2.918148148148148
3.2955555555555556
3.091851851851852
2.8112962962962964
3.832222222222222
3.5298148148148147
3.1224074074074073
3.5705555555555555
3.850925925925926
3.2848148148148146
2.918148148148148
3.0355555555555553
3.387962962962963
3.198703703703704
3.372037037037037
3.0592592592592593
2.9875925925925926
4.098333333333334
3.153703703703704
2.542222222222222
3.0081481481481482
3.3177777777777777
3.1314814814814813
3.149074074074074
3.25
2.735925925925926
2.9485185185185183
2.9185185185185185
3.0770370370370372
3.0057407407407406
2.867037037037037
3.4518518518518517
2.6566666666666667
3.2731481481481484
2.8105555555555557
2.8153703703703705
3.4857407407407406
3.1633333333333336
2.8614814814814813
2.812777777777778
2.9229629629629628
3.0507407407407405
3.0496296296296297
2.5742592592592595
2.527222222222222
3.3068518518518517
3.089259259259259
3.4133333333333336
2.845925925925926
2.8555555555555556
2.908148148148148
2.4714814814814816
3.238703703703704
2.3687037037037038
2.868333333333333
3.028888888888889
2.9814814814814814
2.6846296296296295
2.6238888888888887
2.9851851851851854
2.8581481481481483
2.971111111111111
2.7511111111111113
2.9025925925925926
2.881851851851852
2.7287037037037036
2.4616666666666664
2.5098148148148147
3.4914814814814816
2.738888888888889
2.835185185185185
3.0235185185185185
2.5301851851851853
3.5094444444444446
2.7503703703703706
2.490740740740741
2.446851851851852
2.828333333333333
2.62
2.717037037037037
2.5007407407407407
3.0596296296296295
2.6324074074074075
2.6244444444444444
2.6905555555555556
2.7603703703703704
2.8698148148148146
2.524814814814815
2.7825925925925925
2.525925925925926
3.3364814814814814
2.4720370370370373
2.5457407407407406
2.488703703703704
2.6037037037037036
2.774074074074074
2.7220370370370373
2.730185185185185
2.3737037037037036
2.8227777777777776
2.7353703703703705
2.559814814814815
2.8955555555555557
2.424074074074074
2.6374074074074074
2.4366666666666665
2.531851851851852
2.332777777777778
2.815185185185185
2.410925925925926
2.274259259259259
2.660740740740741
2.4444444444444446
2.3142592592592592
2.2401851851851853
2.274259259259259
2.18537037037037
2.283333333333333
2.348333333333333
2.2696296296296294
2.252407407407407
2.198888888888889
2.2505555555555556
2.0462962962962963
2.3314814814814815
2.381666666666667
2.5494444444444446
2.7705555555555557
2.04
2.2424074074074074
2.5205555555555557
2.377037037037037
2.4485185185185183
2.2483333333333335
2.4783333333333335
2.227592592592593
2.328888888888889
2.279259259259259
2.2835185185185187
2.0255555555555556
2.3405555555555555
2.451111111111111
2.526851851851852
2.1905555555555556
2.1985185185185183
2.149814814814815
2.1774074074074075
2.2383333333333333
2.6366666666666667
2.020185185185185
2.3544444444444443
2.3227777777777776
2.259074074074074
2.513888888888889
2.2351851851851854
2.028888888888889
2.3624074074074075
2.2488888888888887
2.125
2.010925925925926
2.1312962962962962
2.968148148148148
2.0722222222222224
2.15
2.169814814814815
2.180925925925926
2.2292592592592593
2.218148148148148
2.1087037037037035
2.091666666666667
2.0816666666666666
1.902962962962963
2.07
1.8468518518518517
2.0051851851851854
1.9670370370370371
2.0125925925925925
2.0824074074074073
1.867962962962963
2.341666666666667
1.9014814814814816
2.160185185185185
2.516111111111111
2.064074074074074
1.819074074074074
2.1198148148148146
2.0746296296296296
2.24
2.013148148148148
1.9725925925925927
1.915925925925926
1.8522222222222222
1.8257407407407407
2.069074074074074
2.4985185185185186
2.060185185185185
2.1664814814814815
1.8725925925925926
1.973148148148148
1.8431481481481482
2.2307407407407407
1.941851851851852
1.823888888888889
2.317962962962963
1.9142592592592593
2.1144444444444446
2.226111111111111
1.751111111111111
2.2474074074074073
1.8116666666666668
2.1824074074074074
2.005
1.9524074074074074
1.7292592592592593
2.084814814814815
1.8824074074074073
1.8866666666666667
1.8992592592592592
1.872037037037037
1.972037037037037
1.9416666666666667
1.7738888888888888
1.740925925925926
1.7722222222222221
2.118333333333333
2.0624074074074072
1.7518518518518518
2.073888888888889
1.9268518518518518
1.913888888888889
2.0481481481481483
1.935
1.836111111111111
2.323148148148148
1.8822222222222222
1.9514814814814814
1.651851851851852
1.9877777777777779
1.6522222222222223
1.6992592592592592
1.8496296296296297
1.6888888888888889
1.845925925925926
1.593888888888889
1.785925925925926
1.7125925925925927
1.5912962962962962
1.5207407407407407
2.0264814814814813
1.5994444444444444
1.7724074074074074
2.081851851851852
1.7418518518518518
1.4927777777777778
1.7033333333333334
2.099814814814815
2.006111111111111
1.6877777777777778
1.511111111111111
1.6227777777777779
1.9566666666666668
1.6803703703703703
1.6803703703703703
1.6505555555555556
1.6307407407407408
1.5392592592592593
1.4648148148148148
1.737962962962963
1.6555555555555554
1.709814814814815
1.385925925925926
1.8092592592592593
1.6587037037037038
1.556111111111111
1.4614814814814814
1.745
1.7531481481481481
1.7744444444444445
1.653888888888889
1.6792592592592592
1.737037037037037
1.6255555555555556
1.761111111111111
1.5048148148148148
