4.558765881780936
4.345076923071706
4.321570769230769
15.45706353391618
12.655570635663892
4.558769228473707
15.670620981638928
12.892769230769233
9.882755704967693
4.323706222805791
10.114769230717057
15.670769228682389
10.114620981728663
7.3367692286823925
1.0636601080459098
7.331426589182679
12.678542658918268
1.7754269135902405
7.101654269230769
12.892769147290442
9.879707691470866
15.670635339182677
4.558769147289882
10.11476923071706
9.884796142440846
1.7748926923076795
1.086269147295673
7.336769230769231
12.89263533918268
15.670765891826921
15.665426589182692
7.3366223164729565
1.7806356728676653
15.665413567307173
7.123076923060701
15.67076923076923
1.086269147290456
15.670765891618236
1.78063567307692
15.456542692284506
10.114769228399009
1.0862658916182393
10.109426923071693
12.679076923076792
15.66542692307679
9.901076923071184
1.0862691470638253
15.670765891826921
12.886892658834796
4.55289135673077
15.67076923076923
7.336769228677161
1.086269117250281
7.3367658834795675
1.0862658918217059
4.558769230767926
1.0809269147290457
4.3450769147066115
4.32365426923077
12.887426923071706
15.670622316472901
10.10883339269139
7.3367658918267775
7.336635664708699
4.344542692307693
15.67076922847313
4.558769147295673
1.7147634691573288
12.679076914708698
1.086265557014478
15.67076923076923
4.558622317307692
1.086269230764512
4.55876923076923
0.8115867998317416
7.336622317286823
15.670622280579323
7.331413566472905
4.345076913811359
15.670765891821185
1.0862692307170598
7.336620981638949
12.65764892692287
12.892765524459795
7.336765891821706
7.336769147295543
10.11476552454327
7.123063567307679
7.122489269230717
1.0861223163802083
4.345076922868239
15.294132823438511
10.109426914729555
4.345063567307171
10.10942658918217
7.123076589182692
1.086265883479567
7.09956541356639
1.080926923076923
1.086269147290456
1.086135673076923
12.892765891821185
9.877570769230768
7.336769147295674
15.665426923076922
15.670769147086975
10.114635664729047
12.892769228682392
7.123076913811353
9.901076923071132
10.109426913803011
1.0862658826448317
15.67063533918269
15.665426923076922
12.887426922847371
0.9827040612750437
1.780769230711321
10.114769228682249
12.887426589182173
12.657707658916184
10.109426923071183
10.109426913802174
1.080392691389483
1.086269138927449
12.887413533916177
4.5587692284528405
9.901076555793217
4.552891353057912
1.780769228682392
15.45707692307692
7.123076923076792
4.558769228682388
4.3213570635339185
4.558769147295673
7.123062231728452
7.336769230717057
9.901062228382642
10.114769147295673
10.114769147290456
1.0803926922327787
7.336769138113581
9.901076555793217
7.336769228682262
1.780769228473708
4.558769230717056
4.558765891826923
4.466132794645522
12.89276922845284
4.552839265520871
12.678542692284738
12.655565426589183
4.321570635673071
4.558635664729567
1.7807692307679264
1.780635672868192
15.310259897793358
9.900542692307171
12.678542655245433
12.589461545529002
1.080926922868239
4.32135648926923
10.109426923071128
1.0862692307112636
15.670769147295669
1.0862691389477956
1.0862692307170565
15.664892692284525
1.780765883479567
15.670620978057013
15.670765557909505
1.0862691470864676
12.88742691389478
12.892635672868238
1.7754269230769233
4.345076922867717
12.65557063567287
15.670765891826921
1.775413566389274
4.558765557932171
10.114765520837043
4.552892692307171
4.55876589182692
9.879707691472957
7.123076914729568
7.123063533915951
7.3367655208370435
10.109426923076452
1.7807691470864095
12.67906353057098
9.877564892692309
12.678489120833348
4.345076914729567
12.657706356730712
1.086269147295673
10.11476555793217
10.114635664729047
15.664839269230765
4.558765883479046
12.650071166372177
1.0809269228473708
15.670281095303602
7.336769147086978
7.099570620834816
1.732952328865716
4.558769138948304
12.655570765891598
12.89276588347957
15.664892655245433
1.7806356728682247
4.558635672868239
1.780769147295673
10.108839265891595
4.558769230717057
15.433335707658824
15.456489269228678
1.0862692284736948
12.892769147295672
12.892769230767925
12.89276922845284
1.7754265883478992
9.87970769147087
9.879707658918212
1.7748913530579322
15.651450050863309
4.552839269230717
4.3444839269228455
1.7807692284731342
1.0619521406936638
7.336622283915953
1.7754265891821692
12.679076552454095
12.892635339182693
12.892620981730712
15.435707658918199
9.90106353382553
15.435654122317306
7.123063566381136
1.0861356647295675
15.665413530579116
7.123062083334817
1.0809269230769194
10.096427481924083
4.321570769228677
9.877335706223175
1.780635673076923
15.67063566472899
15.30053182486817
12.873206607150177
15.670769138030106
12.655357062231639
9.679517685120008
1.780769147295673
4.345062097838255
12.678541208333334
10.114622317284528
1.0809269230767784
7.330839135339183
1.7179902107766754
4.321570769138021
10.11476552454327
1.0861356728682388
15.457063566381134
10.114622316472957
1.780769228473185
1.7754265891618224
4.321357063566381
7.336769230581316
10.114635673071131
7.336769138948318
12.892769230767783
1.780765557932692
1.7754120848163801
10.114769230767926
12.892622283825522
1.7748339265891597
10.114765891826924
15.67076589159737
1.0803926555790953
7.1230769138030094
12.65557063533916
7.101706208481647
7.123076923076923
5.50464080566276
12.67906208348173
1.780769230769198
4.558620848164729
15.670769138947794
12.679062098173072
9.879706353382563
12.657707691380208
1.7806223173076918
7.336769147290457
1.0862655208333334
4.3450769138948315
1.7807691380301023
1.0862658915973693
1.086269228450544
14.89580431093476
1.0862692284528397
4.558769230767796
4.558620833481639
9.877333565412084
10.114620833330012
7.101654120834818
1.0803339265520835
9.877333570769148
12.655333357062084
9.877333335706222
15.670635663894831
1.780635673076923
7.122489122317307
15.45706208481647
12.679062084816382
9.87970635664729
15.456541356647296
7.336765557909528
7.330833339265522
7.099335706356648
15.670620981638029
15.670622283834792
4.558765891826924
4.321333335706209
9.901063530579096
12.655356489120981
9.877335707658919
7.099333333335707
12.65770620848173
9.90054265524541
1.0861356647295661
12.655357076923071
7.336620847838256
15.433570622317308
10.108833926922847
1.0803388157228446
10.114769138020833
1.0862692307112636
1.7754269228682393
4.558620833348174
7.123076552454327
7.330839265520834
6.761142351816963
10.108833926913803
15.665412083481726
15.664891356647065
15.664839265520834
1.086265891821132
4.321357063566389
4.321570635664729
7.101707658918211
15.664892655212038
15.457063566380208
15.67063567307169
7.330833392692284
12.886833333333334
7.099570620833349
15.43570635305793
7.336765891618225
15.457076552454094
12.655333570622318
12.758231828173852
1.7807691380301023
9.877570635663803
12.892620981730712
7.330892691389478
4.345062231638022
12.65533335707659
15.435707692284728
4.321333333335708
12.886833333926552
9.901063566381136
9.877333333333334
4.558635663894774
1.0803333333333338
12.655333357062084
7.336765520833704
1.0803333333333338
1.780620981638021
9.877333333570636
9.877333335706222
15.457076552083368
7.099333333333334
4.345063567307118
15.45706223163803
4.558620833334817
9.877335654120836
7.336769228450544
1.7807655245409737
15.435706208334818
15.43333333333357
1.0861356638020843
10.114620833348164
15.433333333333326
1.7748333926552085
4.558635663802093
10.114620834816467
4.321333357062083
1.7806208348173072
10.114769138020844
12.657706208481638
12.65533357076914
4.553426552120412
15.670620981638029
15.66489265520833
7.099333333333357
4.321333333570621
15.670620833333345
12.657706208333334
1.0862655208333334
15.656624438212589
9.90074712945432
1.7748913530208335
15.433333357062082
15.670620833334818
15.433333333333332
1.0803926552083334
1.0803392655208373
12.679062083333482
9.829937323880944
12.655333335706208
10.114635672868225
1.0790238189809787
12.655333570635673
15.45706208481638
1.780620848163802
15.433333333333337
12.655333333333335
12.657706208333483
1.343572403306327
7.09957076914729
15.433333333333355
7.0993357062083335
0.8227182270463469
12.892765520833333
9.87733335520341
7.099333333333571
15.433335706208345
12.892620833333334
4.321333333335708
9.877333333570622
15.66483333333333
7.099333570765521
12.655570620833334
1.7806208333333333
12.655357062083336
15.100236287332347
7.330838798802415
15.433333570620835
15.670635663802079
15.433333333333332
4.321333357062083
7.121771629481968
4.3213333333333335
7.0993333335706215
7.3308333333333335
15.45706208348164
15.433335706208334
12.655333333333571
15.457062083333335
4.558620833333333
15.433570620833331
9.877333333333334
4.323706353382552
12.892620833334817
12.657706208333334
7.099333333333334
4.323707691380209
7.099333333333334
9.877333333333553
12.655333357062084
9.877333570620834
12.655333333333335
7.099333333333334
12.655333333333335
7.099333333333336
15.670620833333334
4.3213333333333335
7.099333333333334
12.655333333333335
15.433333333333332
15.433335706208334
15.08271901475029
9.877333333333334
15.433333333333332
15.43333333333357
9.877333333333334
9.877333333333334
4.3213333333333335
4.321333333333551
7.099333333333334
9.877333335706208
4.552833333333334
9.879706208333335
9.877333333333334
12.655333333333335
12.655333333333335
4.3213333333333335
4.3213333333333335
7.099333333333334
4.3213333333333335
9.877333333333334
