64.41833333333334
35.33296296296297
57.10351851851852
55.6087037037037
33.126481481481484
13.294074074074073
24.42037037037037
17.759814814814813
16.59148148148148
13.155740740740741
23.022962962962964
9.441481481481482
40.67444444444445
12.432407407407407
19.653333333333332
12.610185185185186
21.029074074074074
11.615
10.982962962962963
10.03462962962963
13.416666666666666
12.358888888888888
7.515
9.873333333333333
6.867037037037037
13.304814814814815
9.497962962962964
8.825740740740741
8.903148148148148
7.7444444444444445
8.356111111111112
6.801666666666667
6.3462962962962965
5.647592592592592
5.70537037037037
10.671111111111111
5.467222222222222
5.652777777777778
6.7881481481481485
12.42851851851852
7.014259259259259
4.858518518518519
6.062222222222222
6.297962962962963
5.25425925925926
5.875740740740741
6.615555555555556
6.950925925925926
6.399444444444445
5.988703703703703
8.489444444444445
4.965
7.487777777777778
5.725925925925926
5.567222222222222
5.929814814814815
4.3
5.669814814814814
5.013148148148148
6.193888888888889
6.526666666666666
6.9403703703703705
5.065740740740741
5.399259259259259
4.812407407407408
5.061481481481482
4.549074074074074
4.612962962962963
4.5959259259259255
4.021111111111111
5.052407407407407
4.572777777777778
4.877222222222223
5.877962962962963
5.28462962962963
4.370185185185186
4.4692592592592595
5.998703703703704
4.273148148148148
4.995185185185186
4.9151851851851855
4.386851851851852
3.7546296296296298
3.437777777777778
3.9162962962962964
6.062592592592592
3.895185185185185
4.606111111111111
4.176666666666667
3.1548148148148147
3.5774074074074074
4.553703703703704
4.076296296296296
3.5687037037037035
4.288518518518519
5.176851851851852
3.524259259259259
3.6375925925925925
3.96
4.197037037037037
