12.89276589182692
15.67076923076923
10.11476923071706
10.114769228682393
4.558769230769231
10.289780260738372
1.080926923076923
12.892768929999397
13.137428471484299
1.0861356730769232
1.0809269147295673
4.558769230769231
4.558769230711843
7.336769230769231
13.104510741588655
4.5587692307170595
1.7807658918269234
1.7807692307692318
15.67076923071706
1.0862692307692308
12.892769230769233
4.321570769230769
4.558765891826924
4.558765891826924
15.67076923076923
4.5587692307170595
12.892769230769233
15.67076923076923
1.0862692307692308
1.0862692307691981
12.892769230769227
12.892769228682392
7.586076921415372
10.11476923076923
12.897459067296051
12.679063567307693
10.114769230767797
4.558769230769231
15.670765891821185
10.11463533918268
15.670769147295669
10.114281341866187
1.780769223180938
7.12307655579327
10.114620848173079
4.345076923076923
15.670765891826921
4.3237076555793275
1.7806353391826921
10.11476923076923
1.7754135673076923
12.892769230769233
12.887427270002416
1.7807692286822614
7.336769230769231
4.552839269230769
1.780769230769198
12.89276589161824
10.11476923076923
15.670635339161823
15.457076923071707
4.558769228682392
7.3367692286823925
1.0862691472955426
10.114765891826924
1.7807691472898763
15.457076922845056
10.114765891618227
4.552839269230768
1.7748333333926556
12.892765891826922
15.670769230711267
1.774833339268941
12.887412083333349
12.887104514336116
12.679063566381135
9.879707692239565
12.655570620981639
10.10883390932916
15.67063566389478
4.321333357076914
15.670635672847368
4.323654269147296
4.345063566472904
15.670769138113524
15.457062083334785
12.679076555791182
7.099333333357062
1.7748392655579326
1.0861208333333334
1.0861208333333334
15.670765520833697
1.0803333392692285
4.321333357062083
3.4189657362963386
12.67906208333335
12.655333333333335
9.877333333333334
7.099333333333334
9.877333333333334
