347859
190798
308359
300287
178883
71788
131870
95903
89594
71041
124324
50984
219642
67135
106128
68095
113557
62721
59308
54187
72450
66738
40581
53316
37082
71846
51289
47659
48077
41820
45123
36729
34270
30497
30809
57624
29523
30525
36656
67114
37877
26236
32736
34009
28373
31729
35724
37535
34557
32339
45843
26811
40434
30920
30063
32021
23220
30617
27071
33447
35244
37478
27355
29156
25987
27332
24565
24910
24818
21714
27283
24693
26337
31741
28537
23599
24134
32393
23075
26974
26542
23689
20275
18564
21148
32738
21034
24873
22554
17036
19318
24590
22012
19271
23158
27955
19031
19643
21384
22664
