-395982.0
-200958.0
-266881.0
-246854.0
-170208.0
-108362.0
-128754.0
-140161.0
-92400.0
-100804.0
-129805.0
-67440.0
-206105.0
-106670.0
-148692.0
-72715.0
-102430.0
-67547.0
-67318.0
-59887.0
-57942.0
-74163.0
-54010.0
-55329.0
-34122.0
-69426.0
-43611.0
-39124.0
-47627.0
-36497.0
-39185.0
-35087.0
-30541.0
-28168.0
-27095.0
-54330.0
-31760.0
-27368.0
-33509.0
-43554.0
-35439.0
-21896.0
-30851.0
-27844.0
-27463.0
-36839.0
-32448.0
-32372.0
-29643.0
-26467.0
-38451.0
-23326.0
-32868.0
-25933.0
-20724.0
-29617.0
-17038.0
-24329.0
-21390.0
-29832.0
-25896.0
-31760.0
-21514.0
-25302.0
-19935.0
-24047.0
-18333.0
-19166.0
-20883.0
-17879.0
-20990.0
-20823.0
-21668.0
-24482.0
-21649.0
-21897.0
-20920.0
-24361.0
-18028.0
-24508.0
-21184.0
-15797.0
-13953.0
-13731.0
-16308.0
-23941.0
-14651.0
-19112.0
-13255.0
-10723.0
-13705.0
-17671.0
-15813.0
-13062.0
-17767.0
-23316.0
-14559.0
-15363.0
-12566.0
-18108.0
